1 0.0445076 0.625 0.0890151 0.36553 0.00101973
5 0.0636837 0.0632102 0.127367 0.12642 0.00102494
5 0.785985 0.0253314 0.236742 0.0506629 0.00111119
1 0.96946 0.588068 0.0591856 0.458333 0.00111913
5 0.0428504 0.227273 0.0857008 0.405303 0.00114561
5 0.562737 0.0305398 0.233428 0.0610795 0.00114751
5 0.976326 0.587358 0.0473485 0.451231 0.00115056
4 0.890625 0.0203598 0.201705 0.0407197 0.00133095
5 0.614347 0.0205966 0.202178 0.0411932 0.00136161
5 0.913826 0.0210701 0.172348 0.0421402 0.0013832
4 0.786458 0.0198864 0.21875 0.0397727 0.00157041
4 0.95928 0.0350379 0.0814394 0.0700758 0.00160672
5 0.712358 0.0196496 0.216383 0.0392992 0.00170885
5 0.983665 0.807055 0.0326705 0.343277 0.0019419
11 0.84517 0.468987 0.229167 0.511837 0.00199318
0 0.991004 0.720881 0.0170455 0.151989 0.002347
7 0.968277 0.669981 0.0606061 0.40625 0.00246799
1 0.863163 0.520597 0.261364 0.519413 0.00327164
1 0.508523 0.345644 0.526515 0.564394 0.70109
