5 0.911932 0.977983 0.166667 0.0440341 0.00103112
4 0.162169 0.0217803 0.208807 0.0435606 0.00105074
5 0.660985 0.0355114 0.230114 0.0710227 0.00106775
5 0.970407 0.524858 0.0591856 0.366951 0.00109194
5 0.327178 0.961884 0.261364 0.0762311 0.00112388
5 0.969223 0.679688 0.0606061 0.384943 0.00114011
5 0.563684 0.0352746 0.223958 0.0705492 0.00122827
4 0.969934 0.061553 0.0601326 0.123106 0.00130285
5 0.941051 0.950521 0.117898 0.0989583 0.00150644
5 0.475142 0.965436 0.322443 0.0691288 0.00158326
5 0.780303 0.96733 0.311553 0.0653409 0.00194844
5 0.885417 0.963542 0.225379 0.0729167 0.0027758
1 0.517992 0.539062 0.313447 0.237216 0.88888
