8 0.189469 0.43596 0.226486 0.431441 0.668573
8 0.426676 0.453832 0.282031 0.405408 0.35122
8 0.711714 0.445112 0.205711 0.454361 0.138025
8 0.673301 0.441778 0.123722 0.45486 0.0625806
8 0.515822 0.445583 0.130742 0.439192 0.0407043
8 0.357291 0.445668 0.272229 0.399968 0.0227408
4 0.188365 0.437425 0.231692 0.429805 0.0135422
4 0.426933 0.450909 0.282498 0.403444 0.00970554
8 0.606248 0.449012 0.226514 0.459412 0.00927913
22 0.422776 0.450391 0.295083 0.3968 0.00901475
5 0.190033 0.4319 0.230061 0.433761 0.00870278
1 0.190033 0.4319 0.230061 0.433761 0.00757633
19 0.189822 0.434322 0.227254 0.437224 0.00589409
1 0.426933 0.450909 0.282498 0.403444 0.00572189
5 0.42117 0.462821 0.292048 0.396665 0.00513292
22 0.190033 0.4319 0.230061 0.433761 0.00499231
2 0.189822 0.434322 0.227254 0.437224 0.00488533
8 0.536526 0.442001 0.20901 0.473084 0.00436085
11 0.188365 0.437425 0.231692 0.429805 0.00404323
21 0.189822 0.434322 0.227254 0.437224 0.0040337
10 0.189822 0.434322 0.227254 0.437224 0.00398528
8 0.300602 0.428864 0.305533 0.460589 0.0036899
19 0.426933 0.450909 0.282498 0.403444 0.00359439
2 0.426933 0.450909 0.282498 0.403444 0.00327964
17 0.190033 0.4319 0.230061 0.433761 0.00325594
14 0.189822 0.434322 0.227254 0.437224 0.00312964
20 0.189822 0.434322 0.227254 0.437224 0.00310843
15 0.189822 0.434322 0.227254 0.437224 0.00307988
17 0.422776 0.450391 0.295083 0.3968 0.00298777
5 0.7115 0.44136 0.219681 0.462744 0.00246604
16 0.189822 0.434322 0.227254 0.437224 0.00234447
4 0.7115 0.44136 0.219681 0.462744 0.00233311
18 0.189822 0.434322 0.227254 0.437224 0.0022984
8 0.771894 0.448606 0.210023 0.458734 0.00227867
14 0.426933 0.450909 0.282498 0.403444 0.00198735
7 0.189822 0.434322 0.227254 0.437224 0.00194846
3 0.189822 0.434322 0.227254 0.437224 0.00192459
21 0.426933 0.450909 0.282498 0.403444 0.00186561
10 0.426933 0.450909 0.282498 0.403444 0.00184249
8 0.191743 0.436675 0.229847 0.261324 0.00181306
13 0.188365 0.437425 0.231692 0.429805 0.00178048
12 0.189822 0.434322 0.227254 0.437224 0.00174438
0 0.189822 0.434322 0.227254 0.437224 0.00171046
7 0.426933 0.450909 0.282498 0.403444 0.00168726
22 0.508664 0.429981 0.16171 0.447884 0.00165919
11 0.426933 0.450909 0.282498 0.403444 0.00163835
8 0.110622 0.424533 0.175984 0.44145 0.0016224
8 0.315667 0.452229 0.168365 0.432771 0.00161656
9 0.189822 0.434322 0.227254 0.437224 0.00155937
6 0.188365 0.437425 0.231692 0.429805 0.00152076
22 0.7115 0.44136 0.219681 0.462744 0.0015087
3 0.426933 0.450909 0.282498 0.403444 0.00142714
11 0.7115 0.44136 0.219681 0.462744 0.0013521
17 0.7115 0.44136 0.219681 0.462744 0.00133386
20 0.426933 0.450909 0.282498 0.403444 0.00132707
15 0.426933 0.450909 0.282498 0.403444 0.00129708
16 0.426933 0.450909 0.282498 0.403444 0.00129258
18 0.426933 0.450909 0.282498 0.403444 0.00118173
13 0.426933 0.450909 0.282498 0.403444 0.00115408
19 0.7115 0.44136 0.219681 0.462744 0.00113397
1 0.0287699 0.876977 0.0575398 0.150661 0.0010927
4 0.359428 0.442204 0.292489 0.411112 0.00108772
1 0.7115 0.44136 0.219681 0.462744 0.00101504
