1 0.47381 0.10035 0.292674 0.194818 0.918328
1 0.504884 0.521201 0.302563 0.317804 0.909871
1 0.183974 0.0992235 0.323564 0.190167 0.89571
5 0.280768 0.66091 0.340482 0.592213 0.634419
5 0.536823 0.812268 0.327942 0.349321 0.195223
1 0.0385181 0.150904 0.0767569 0.287184 0.164199
5 0.223388 0.685909 0.232839 0.51606 0.00873205
1 0.280768 0.66091 0.340482 0.592213 0.00746827
0 0.18407 0.0986656 0.32909 0.192288 0.00714513
0 0.0385181 0.150904 0.0767569 0.287184 0.00549395
17 0.18407 0.0986656 0.32909 0.192288 0.00547141
17 0.472828 0.1006 0.290036 0.196233 0.00544209
0 0.47381 0.10035 0.292674 0.194818 0.00533379
1 0.466363 0.100167 0.16933 0.187578 0.00513448
22 0.18407 0.0986656 0.32909 0.192288 0.00481671
22 0.47381 0.10035 0.292674 0.194818 0.00439554
5 0.472828 0.1006 0.290036 0.196233 0.00437027
1 0.181926 0.100249 0.169287 0.186571 0.00431352
4 0.504903 0.521559 0.302328 0.317083 0.00427998
7 0.472828 0.1006 0.290036 0.196233 0.00419969
5 0.184745 0.0984128 0.325557 0.190753 0.00406909
14 0.472828 0.1006 0.290036 0.196233 0.00395521
18 0.184745 0.0984128 0.325557 0.190753 0.00392843
18 0.472828 0.1006 0.290036 0.196233 0.00387974
0 0.504981 0.521587 0.302593 0.322057 0.0037704
4 0.47381 0.10035 0.292674 0.194818 0.00366321
7 0.184745 0.0984128 0.325557 0.190753 0.00365868
2 0.47381 0.10035 0.292674 0.194818 0.00361832
2 0.18407 0.0986656 0.32909 0.192288 0.00360991
18 0.504981 0.521587 0.302593 0.322057 0.00359443
1 0.505588 0.516627 0.171416 0.308292 0.0035814
3 0.18407 0.0986656 0.32909 0.192288 0.00358101
8 0.47381 0.10035 0.292674 0.194818 0.00356925
15 0.472828 0.1006 0.290036 0.196233 0.00354052
4 0.18407 0.0986656 0.32909 0.192288 0.00353991
17 0.504981 0.521587 0.302593 0.322057 0.00348056
22 0.504981 0.521587 0.302593 0.322057 0.00347874
8 0.18407 0.0986656 0.32909 0.192288 0.00341583
3 0.47381 0.10035 0.292674 0.194818 0.00341317
15 0.504903 0.521559 0.302328 0.317083 0.00335914
2 0.504903 0.521559 0.302328 0.317083 0.00331678
5 0.492618 0.770534 0.28997 0.457443 0.00328803
3 0.504903 0.521559 0.302328 0.317083 0.00321656
8 0.504903 0.521559 0.302328 0.317083 0.00313055
15 0.184745 0.0984128 0.325557 0.190753 0.00307882
14 0.184745 0.0984128 0.325557 0.190753 0.00300909
7 0.504903 0.521559 0.302328 0.317083 0.00276389
5 0.504981 0.521587 0.302593 0.322057 0.00273313
11 0.18407 0.0986656 0.32909 0.192288 0.00269291
6 0.18407 0.0986656 0.32909 0.192288 0.00265906
6 0.47381 0.10035 0.292674 0.194818 0.00263287
14 0.504981 0.521587 0.302593 0.322057 0.00261639
21 0.472828 0.1006 0.290036 0.196233 0.0025292
10 0.472828 0.1006 0.290036 0.196233 0.00251594
21 0.184745 0.0984128 0.325557 0.190753 0.00245516
11 0.47381 0.10035 0.292674 0.194818 0.00241287
21 0.504903 0.521559 0.302328 0.317083 0.00239025
10 0.184745 0.0984128 0.325557 0.190753 0.00236538
16 0.47381 0.10035 0.292674 0.194818 0.00234868
16 0.184745 0.0984128 0.325557 0.190753 0.00232098
7 0.280768 0.66091 0.340482 0.592213 0.00230029
20 0.47381 0.10035 0.292674 0.194818 0.00229387
20 0.18407 0.0986656 0.32909 0.192288 0.00229149
12 0.472828 0.1006 0.290036 0.196233 0.00226148
6 0.504903 0.521559 0.302328 0.317083 0.00224906
12 0.184745 0.0984128 0.325557 0.190753 0.00224162
11 0.504981 0.521587 0.302593 0.322057 0.00217755
13 0.18407 0.0986656 0.32909 0.192288 0.00213903
10 0.504981 0.521587 0.302593 0.322057 0.00213891
17 0.0376799 0.151971 0.0749915 0.303762 0.00213859
20 0.504981 0.521587 0.302593 0.322057 0.00213231
1 0.538255 0.811215 0.326003 0.35363 0.00210127
13 0.47381 0.10035 0.292674 0.194818 0.00208034
9 0.47381 0.10035 0.292674 0.194818 0.00206342
11 0.0386194 0.152184 0.0772388 0.290719 0.00205721
16 0.504981 0.521587 0.302593 0.322057 0.00202354
12 0.504903 0.521559 0.302328 0.317083 0.00200795
19 0.472828 0.1006 0.290036 0.196233 0.001968
9 0.18407 0.0986656 0.32909 0.192288 0.00190399
4 0.276887 0.661093 0.337979 0.595146 0.00186731
19 0.184745 0.0984128 0.325557 0.190753 0.00186549
19 0.280768 0.66091 0.340482 0.592213 0.00183343
7 0.517031 0.810374 0.266529 0.379252 0.00181806
19 0.504981 0.521587 0.302593 0.322057 0.00175971
9 0.504981 0.521587 0.302593 0.322057 0.00172294
13 0.504981 0.521587 0.302593 0.322057 0.00160949
5 0.407783 0.814591 0.464128 0.322601 0.00141173
11 0.276887 0.661093 0.337979 0.595146 0.00139338
17 0.276887 0.661093 0.337979 0.595146 0.00136941
6 0.276887 0.661093 0.337979 0.595146 0.00134752
18 0.280768 0.66091 0.340482 0.592213 0.00125298
14 0.520052 0.812451 0.307874 0.35065 0.00114358
8 0.276887 0.661093 0.337979 0.595146 0.00112414
20 0.276887 0.661093 0.337979 0.595146 0.00111878
22 0.276887 0.661093 0.337979 0.595146 0.00110804
4 0.538255 0.811215 0.326003 0.35363 0.00110615
15 0.280768 0.66091 0.340482 0.592213 0.00104207
10 0.276887 0.661093 0.337979 0.595146 0.00100769
5 0.0386194 0.152184 0.0772388 0.290719 0.00100575
