1 0.803488 0.507226 0.307695 0.289262 0.925459
1 0.485332 0.524361 0.308383 0.293547 0.890837
1 0.803279 0.507661 0.169742 0.282189 0.00550816
17 0.485113 0.525625 0.309877 0.295003 0.00523995
1 0.484503 0.526012 0.167896 0.289848 0.0047435
4 0.484562 0.524742 0.310718 0.29481 0.00458207
0 0.485113 0.525625 0.309877 0.295003 0.00415823
4 0.803085 0.507133 0.308128 0.287563 0.00414223
22 0.803085 0.507133 0.308128 0.287563 0.00401165
0 0.803085 0.507133 0.308128 0.287563 0.00397803
18 0.803085 0.507133 0.308128 0.287563 0.00393846
22 0.485113 0.525625 0.309877 0.295003 0.00392909
17 0.803085 0.507133 0.308128 0.287563 0.00386839
2 0.803085 0.507133 0.308128 0.287563 0.00381479
18 0.485113 0.525625 0.309877 0.295003 0.00376895
8 0.803085 0.507133 0.308128 0.287563 0.00354146
8 0.484562 0.524742 0.310718 0.29481 0.003521
3 0.803085 0.507133 0.308128 0.287563 0.0034917
2 0.484562 0.524742 0.310718 0.29481 0.00345053
3 0.484562 0.524742 0.310718 0.29481 0.00335268
7 0.484562 0.524742 0.310718 0.29481 0.00333145
15 0.484562 0.524742 0.310718 0.29481 0.00324379
15 0.803085 0.507133 0.308128 0.287563 0.00318694
7 0.804606 0.506342 0.306515 0.290196 0.00313757
5 0.802858 0.507633 0.308196 0.289417 0.00305415
5 0.485113 0.525625 0.309877 0.295003 0.00295322
21 0.803085 0.507133 0.308128 0.287563 0.00262121
14 0.485113 0.525625 0.309877 0.295003 0.00254229
10 0.485113 0.525625 0.309877 0.295003 0.00252979
21 0.484562 0.524742 0.310718 0.29481 0.00251351
11 0.485113 0.525625 0.309877 0.295003 0.00244308
6 0.803085 0.507133 0.308128 0.287563 0.00243465
20 0.484562 0.524742 0.310718 0.29481 0.00238759
11 0.803085 0.507133 0.308128 0.287563 0.0023532
20 0.803085 0.507133 0.308128 0.287563 0.0023467
6 0.484562 0.524742 0.310718 0.29481 0.00234336
10 0.803085 0.507133 0.308128 0.287563 0.00230462
14 0.803085 0.507133 0.308128 0.287563 0.00223539
16 0.484562 0.524742 0.310718 0.29481 0.00222508
16 0.803085 0.507133 0.308128 0.287563 0.00219669
12 0.484562 0.524742 0.310718 0.29481 0.00213999
12 0.803085 0.507133 0.308128 0.287563 0.00211668
9 0.803085 0.507133 0.308128 0.287563 0.00188341
19 0.484562 0.524742 0.310718 0.29481 0.00188248
19 0.803085 0.507133 0.308128 0.287563 0.0018521
13 0.803085 0.507133 0.308128 0.287563 0.0018088
9 0.484562 0.524742 0.310718 0.29481 0.00176656
13 0.484562 0.524742 0.310718 0.29481 0.00174183
