5 0.631235 0.625064 0.22772 0.413843 0.860519
5 0.450407 0.611994 0.236587 0.399025 0.843515
5 0.278807 0.613492 0.265796 0.399027 0.18726
1 0.630407 0.624659 0.235685 0.417732 0.00372909
4 0.631063 0.625287 0.236773 0.420752 0.00362263
4 0.449429 0.610939 0.243452 0.402964 0.00336839
14 0.630407 0.624659 0.235685 0.417732 0.0033618
19 0.630407 0.624659 0.235685 0.417732 0.0033559
8 0.449429 0.610939 0.243452 0.402964 0.00324828
1 0.449429 0.610939 0.243452 0.402964 0.00316021
19 0.449429 0.610939 0.243452 0.402964 0.00308848
10 0.630407 0.624659 0.235685 0.417732 0.00292962
11 0.630407 0.624659 0.235685 0.417732 0.00266869
8 0.630407 0.624659 0.235685 0.417732 0.0026246
18 0.630407 0.624659 0.235685 0.417732 0.00252026
6 0.630407 0.624659 0.235685 0.417732 0.00246403
14 0.447955 0.611543 0.239623 0.404628 0.00245226
11 0.449429 0.610939 0.243452 0.402964 0.00243679
7 0.630407 0.624659 0.235685 0.417732 0.00231554
10 0.449429 0.610939 0.243452 0.402964 0.00225411
7 0.447955 0.611543 0.239623 0.404628 0.00222583
6 0.449429 0.610939 0.243452 0.402964 0.00210126
18 0.447955 0.611543 0.239623 0.404628 0.00208073
20 0.630407 0.624659 0.235685 0.417732 0.00203423
17 0.449429 0.610939 0.243452 0.402964 0.00195313
22 0.631063 0.625287 0.236773 0.420752 0.00186672
0 0.630407 0.624659 0.235685 0.417732 0.00185028
15 0.630407 0.624659 0.235685 0.417732 0.00184253
17 0.630407 0.624659 0.235685 0.417732 0.00183495
16 0.630407 0.624659 0.235685 0.417732 0.00178475
22 0.449429 0.610939 0.243452 0.402964 0.00176958
0 0.447955 0.611543 0.239623 0.404628 0.00176465
20 0.447955 0.611543 0.239623 0.404628 0.00169957
13 0.449429 0.610939 0.243452 0.402964 0.00158975
16 0.447955 0.611543 0.239623 0.404628 0.00158083
15 0.449429 0.610939 0.243452 0.402964 0.00157772
21 0.630407 0.624659 0.235685 0.417732 0.0015653
12 0.630407 0.624659 0.235685 0.417732 0.00155874
13 0.630407 0.624659 0.235685 0.417732 0.00152532
12 0.449429 0.610939 0.243452 0.402964 0.00151524
9 0.630407 0.624659 0.235685 0.417732 0.00142087
2 0.630407 0.624659 0.235685 0.417732 0.00138792
9 0.449429 0.610939 0.243452 0.402964 0.00138419
3 0.630407 0.624659 0.235685 0.417732 0.0013785
21 0.449429 0.610939 0.243452 0.402964 0.00133058
3 0.449429 0.610939 0.243452 0.402964 0.00127098
2 0.449429 0.610939 0.243452 0.402964 0.00121041
