1 0.492706 0.470739 0.50399 0.522826 0.656949
7 0.496329 0.46661 0.465693 0.552444 0.114891
14 0.492706 0.470739 0.50399 0.522826 0.0826714
22 0.49347 0.466849 0.497495 0.513311 0.0191349
17 0.48551 0.468953 0.526511 0.531086 0.0118351
3 0.496547 0.468282 0.47396 0.538529 0.00925495
5 0.485943 0.468025 0.504915 0.551891 0.00743203
15 0.507534 0.468203 0.491111 0.510788 0.00665175
2 0.507321 0.469123 0.492978 0.51625 0.00586768
21 0.507534 0.468203 0.491111 0.510788 0.00434091
4 0.496329 0.46661 0.465693 0.552444 0.00305546
8 0.496329 0.46661 0.465693 0.552444 0.00287335
13 0.507321 0.469123 0.492978 0.51625 0.00254704
16 0.507534 0.468203 0.491111 0.510788 0.00225403
19 0.496329 0.46661 0.465693 0.552444 0.0021692
9 0.49347 0.466849 0.497495 0.513311 0.00173583
6 0.496329 0.46661 0.465693 0.552444 0.00148158
12 0.496547 0.468282 0.47396 0.538529 0.00146577
18 0.496547 0.468282 0.47396 0.538529 0.00145207
11 0.496547 0.468282 0.47396 0.538529 0.00109416
20 0.496547 0.468282 0.47396 0.538529 0.00105063
