1 0.573719 0.684653 0.173391 0.166419 0.898342
1 0.340796 0.604207 0.194516 0.188688 0.881124
0 0.573153 0.68591 0.1776 0.167933 0.00963981
0 0.342475 0.604342 0.19497 0.188942 0.00608896
17 0.573153 0.68591 0.1776 0.167933 0.00586664
22 0.573153 0.68591 0.1776 0.167933 0.00536281
18 0.573153 0.68591 0.1776 0.167933 0.00496025
4 0.573153 0.68591 0.1776 0.167933 0.00494026
2 0.573153 0.68591 0.1776 0.167933 0.00449322
22 0.340796 0.604207 0.194516 0.188688 0.00439572
5 0.572462 0.685547 0.177869 0.16897 0.00438448
4 0.340796 0.604207 0.194516 0.188688 0.00434921
18 0.340796 0.604207 0.194516 0.188688 0.00416023
17 0.342475 0.604342 0.19497 0.188942 0.00413428
2 0.340796 0.604207 0.194516 0.188688 0.00405998
8 0.573153 0.68591 0.1776 0.167933 0.00404211
5 0.340796 0.604207 0.194516 0.188688 0.00398863
11 0.573153 0.68591 0.1776 0.167933 0.00387529
3 0.572462 0.685547 0.177869 0.16897 0.00377149
15 0.340796 0.604207 0.194516 0.188688 0.0037298
3 0.340796 0.604207 0.194516 0.188688 0.0036379
15 0.572462 0.685547 0.177869 0.16897 0.00362459
14 0.573153 0.68591 0.1776 0.167933 0.00349812
8 0.340796 0.604207 0.194516 0.188688 0.0034799
7 0.573153 0.68591 0.1776 0.167933 0.00347459
20 0.572462 0.685547 0.177869 0.16897 0.00325058
7 0.340796 0.604207 0.194516 0.188688 0.0032436
10 0.572462 0.685547 0.177869 0.16897 0.00323422
6 0.573153 0.68591 0.1776 0.167933 0.00316838
14 0.340796 0.604207 0.194516 0.188688 0.00302383
16 0.573153 0.68591 0.1776 0.167933 0.00298939
21 0.572462 0.685547 0.177869 0.16897 0.00298094
6 0.342475 0.604342 0.19497 0.188942 0.00290179
11 0.340796 0.604207 0.194516 0.188688 0.0028991
20 0.340796 0.604207 0.194516 0.188688 0.00288427
9 0.573153 0.68591 0.1776 0.167933 0.00287522
21 0.340796 0.604207 0.194516 0.188688 0.00285334
12 0.573153 0.68591 0.1776 0.167933 0.00283576
10 0.340796 0.604207 0.194516 0.188688 0.00270135
16 0.340796 0.604207 0.194516 0.188688 0.00266667
12 0.340796 0.604207 0.194516 0.188688 0.00265355
13 0.573153 0.68591 0.1776 0.167933 0.0026066
9 0.340796 0.604207 0.194516 0.188688 0.00252838
19 0.572462 0.685547 0.177869 0.16897 0.00243682
13 0.342475 0.604342 0.19497 0.188942 0.00220318
19 0.340796 0.604207 0.194516 0.188688 0.0021447
