4 0.341368 0.743765 0.139019 0.186336 0.882172
4 0.63925 0.750621 0.153342 0.179823 0.866298
4 0.501773 0.748304 0.126175 0.188504 0.727972
8 0.502675 0.745385 0.123386 0.187586 0.152978
8 0.640046 0.75036 0.146936 0.182259 0.0274486
5 0.638856 0.752373 0.152622 0.172655 0.0186347
19 0.639535 0.752332 0.155085 0.171479 0.0112342
5 0.501522 0.748273 0.125789 0.1869 0.00782479
1 0.638856 0.752373 0.152622 0.172655 0.00744839
14 0.638856 0.752373 0.152622 0.172655 0.00665794
8 0.34066 0.743992 0.138786 0.182578 0.00655779
17 0.638856 0.752373 0.152622 0.172655 0.00565352
15 0.638856 0.752373 0.152622 0.172655 0.00548687
20 0.639535 0.752332 0.155085 0.171479 0.00514443
2 0.639535 0.752332 0.155085 0.171479 0.00508187
5 0.34066 0.743992 0.138786 0.182578 0.00436529
0 0.638856 0.752373 0.152622 0.172655 0.00434648
16 0.639535 0.752332 0.155085 0.171479 0.00432514
22 0.638856 0.752373 0.152622 0.172655 0.00430684
11 0.501522 0.748273 0.125789 0.1869 0.00398261
19 0.501522 0.748273 0.125789 0.1869 0.00393708
10 0.638856 0.752373 0.152622 0.172655 0.00380402
19 0.342242 0.744115 0.139126 0.182697 0.00372404
18 0.639535 0.752332 0.155085 0.171479 0.00351373
1 0.342547 0.74339 0.138603 0.184993 0.00346596
12 0.638856 0.752373 0.152622 0.172655 0.00337263
11 0.638856 0.752373 0.152622 0.172655 0.00334764
13 0.639535 0.752332 0.155085 0.171479 0.00325247
9 0.638856 0.752373 0.152622 0.172655 0.00322092
17 0.342223 0.743325 0.137331 0.183162 0.00321058
21 0.638856 0.752373 0.152622 0.172655 0.00316517
22 0.501522 0.748273 0.125789 0.1869 0.00293961
14 0.501522 0.748273 0.125789 0.1869 0.00286279
1 0.501522 0.748273 0.125789 0.1869 0.00282131
14 0.34066 0.743992 0.138786 0.182578 0.00279519
6 0.639535 0.752332 0.155085 0.171479 0.00271358
7 0.638856 0.752373 0.152622 0.172655 0.00269559
22 0.34066 0.743992 0.138786 0.182578 0.00268224
15 0.342432 0.7435 0.137235 0.185925 0.00244162
3 0.638856 0.752373 0.152622 0.172655 0.00241881
17 0.501522 0.748273 0.125789 0.1869 0.00231175
0 0.501773 0.748304 0.126175 0.188504 0.00218908
10 0.341368 0.743765 0.139019 0.186336 0.00218213
0 0.343422 0.743671 0.135577 0.186513 0.00216683
20 0.342242 0.744115 0.139126 0.182697 0.00209433
11 0.34066 0.743992 0.138786 0.182578 0.00204119
18 0.342242 0.744115 0.139126 0.182697 0.00200484
2 0.34066 0.743992 0.138786 0.182578 0.00193723
20 0.501522 0.748273 0.125789 0.1869 0.00193343
13 0.342543 0.743019 0.13404 0.185268 0.00185656
12 0.34066 0.743992 0.138786 0.182578 0.00183989
16 0.342793 0.74336 0.131936 0.185811 0.00181742
13 0.501773 0.748304 0.126175 0.188504 0.00180909
21 0.34066 0.743992 0.138786 0.182578 0.00174131
10 0.501773 0.748304 0.126175 0.188504 0.00173512
2 0.501522 0.748273 0.125789 0.1869 0.00167705
15 0.501773 0.748304 0.126175 0.188504 0.00162937
12 0.501522 0.748273 0.125789 0.1869 0.00161797
9 0.342223 0.743325 0.137331 0.183162 0.00155783
9 0.501522 0.748273 0.125789 0.1869 0.00150981
21 0.501522 0.748273 0.125789 0.1869 0.00150931
6 0.343372 0.74237 0.133054 0.183959 0.00144117
16 0.503732 0.746314 0.120803 0.191747 0.00143508
7 0.34066 0.743992 0.138786 0.182578 0.00142364
7 0.501522 0.748273 0.125789 0.1869 0.00137724
18 0.501522 0.748273 0.125789 0.1869 0.00136443
3 0.34066 0.743992 0.138786 0.182578 0.00136157
6 0.503732 0.746314 0.120803 0.191747 0.00119327
3 0.501522 0.748273 0.125789 0.1869 0.00106643
