1 0.483197 0.542423 0.323637 0.313749 0.908223
17 0.843574 0.424856 0.29372 0.364834 0.666916
1 0.840055 0.421202 0.293313 0.358698 0.160338
7 0.843845 0.427204 0.312311 0.363363 0.00654034
17 0.483489 0.542782 0.324067 0.311219 0.00596365
22 0.843768 0.422501 0.293646 0.357774 0.00472024
4 0.483489 0.542782 0.324067 0.311219 0.00387961
22 0.482848 0.542518 0.322191 0.31281 0.00384752
0 0.483489 0.542782 0.324067 0.311219 0.00376166
18 0.482848 0.542518 0.322191 0.31281 0.00371588
7 0.483087 0.541685 0.322058 0.308648 0.00359821
11 0.843428 0.422198 0.29372 0.357804 0.00352708
2 0.482848 0.542518 0.322191 0.31281 0.00346749
5 0.483489 0.542782 0.324067 0.311219 0.00339931
8 0.483087 0.541685 0.322058 0.308648 0.00332975
3 0.482848 0.542518 0.322191 0.31281 0.00307368
15 0.482848 0.542518 0.322191 0.31281 0.00302956
1 0.479991 0.53873 0.167579 0.302184 0.00284233
14 0.482848 0.542518 0.322191 0.31281 0.00283651
11 0.483489 0.542782 0.324067 0.311219 0.00256401
5 0.843768 0.422501 0.293646 0.357774 0.00252245
4 0.843768 0.422501 0.293646 0.357774 0.00249707
6 0.483489 0.542782 0.324067 0.311219 0.00238437
21 0.482848 0.542518 0.322191 0.31281 0.00232366
0 0.843574 0.424856 0.29372 0.364834 0.00227209
14 0.843768 0.422501 0.293646 0.357774 0.00225028
16 0.482848 0.542518 0.322191 0.31281 0.00211042
20 0.482848 0.542518 0.322191 0.31281 0.00209958
10 0.483489 0.542782 0.324067 0.311219 0.00207756
18 0.84312 0.423452 0.293219 0.366166 0.00205567
12 0.482848 0.542518 0.322191 0.31281 0.00203088
10 0.843768 0.422501 0.293646 0.357774 0.0019582
19 0.482848 0.542518 0.322191 0.31281 0.00188891
15 0.84312 0.423452 0.293219 0.366166 0.00186413
13 0.482848 0.542518 0.322191 0.31281 0.00173897
9 0.482848 0.542518 0.322191 0.31281 0.00169877
19 0.84312 0.423452 0.293219 0.366166 0.00161262
16 0.84312 0.423452 0.293219 0.366166 0.00147638
2 0.84312 0.423452 0.293219 0.366166 0.00147604
8 0.84312 0.423452 0.293219 0.366166 0.00138201
20 0.84312 0.423452 0.293219 0.366166 0.00129311
12 0.843768 0.422501 0.293646 0.357774 0.00128368
9 0.84312 0.423452 0.293219 0.366166 0.00116789
3 0.843768 0.422501 0.293646 0.357774 0.00108785
6 0.84312 0.423452 0.293219 0.366166 0.00101945
