17 0.443616 0.633669 0.536831 0.228622 0.730129
22 0.44627 0.631619 0.532822 0.226732 0.01372
7 0.44627 0.631619 0.532822 0.226732 0.0101245
1 0.151495 0.36771 0.0696044 0.0746544 0.00678256
17 0.716164 0.628479 0.387621 0.260806 0.00651958
14 0.445733 0.632775 0.5403 0.225797 0.00566555
17 0.584549 0.633735 0.705138 0.267318 0.00450788
10 0.443616 0.633669 0.536831 0.228622 0.00425141
8 0.44627 0.631619 0.532822 0.226732 0.00333585
1 0.443616 0.633669 0.536831 0.228622 0.00285608
11 0.471449 0.631092 0.520522 0.239784 0.00266613
19 0.444235 0.633588 0.560492 0.237003 0.00244862
2 0.444235 0.633588 0.560492 0.237003 0.00221204
15 0.444235 0.633588 0.560492 0.237003 0.0022004
5 0.44627 0.631619 0.532822 0.226732 0.0020633
4 0.444235 0.633588 0.560492 0.237003 0.00200953
18 0.444235 0.633588 0.560492 0.237003 0.00164139
17 0.395827 0.641807 0.348907 0.210529 0.00159532
9 0.444235 0.633588 0.560492 0.237003 0.0014397
20 0.444235 0.633588 0.560492 0.237003 0.0013711
16 0.444235 0.633588 0.560492 0.237003 0.00136383
21 0.444235 0.633588 0.560492 0.237003 0.00133983
12 0.443021 0.634415 0.552428 0.233795 0.00130333
3 0.444235 0.633588 0.560492 0.237003 0.00124739
13 0.444235 0.633588 0.560492 0.237003 0.00107248
