5 0.758612 0.389346 0.222505 0.408752 0.894739
5 0.529385 0.398972 0.37715 0.421621 0.555148
1 0.521743 0.397821 0.400222 0.423391 0.00529849
1 0.758242 0.387894 0.22825 0.407657 0.00505028
4 0.758229 0.389125 0.227199 0.40308 0.00385945
7 0.521743 0.397821 0.400222 0.423391 0.00347258
22 0.521743 0.397821 0.400222 0.423391 0.00312938
19 0.758242 0.387894 0.22825 0.407657 0.00309918
8 0.758229 0.389125 0.227199 0.40308 0.00308905
14 0.758242 0.387894 0.22825 0.407657 0.00304923
11 0.758242 0.387894 0.22825 0.407657 0.00272688
7 0.758242 0.387894 0.22825 0.407657 0.0026853
0 0.758242 0.387894 0.22825 0.407657 0.0026422
18 0.759649 0.389151 0.224484 0.416888 0.00239453
6 0.758242 0.387894 0.22825 0.407657 0.00235801
10 0.758242 0.387894 0.22825 0.407657 0.00218589
22 0.758242 0.387894 0.22825 0.407657 0.00197071
4 0.529488 0.397797 0.379841 0.422786 0.00196015
0 0.521743 0.397821 0.400222 0.423391 0.00194409
17 0.406941 0.692401 0.40962 0.274122 0.00187493
20 0.758242 0.387894 0.22825 0.407657 0.00175036
17 0.758242 0.387894 0.22825 0.407657 0.00174027
13 0.759649 0.389151 0.224484 0.416888 0.00169051
15 0.758242 0.387894 0.22825 0.407657 0.00168975
16 0.758242 0.387894 0.22825 0.407657 0.00168307
12 0.758242 0.387894 0.22825 0.407657 0.00167636
14 0.521743 0.397821 0.400222 0.423391 0.00166089
3 0.758229 0.389125 0.227199 0.40308 0.00160196
9 0.758242 0.387894 0.22825 0.407657 0.00154667
19 0.529488 0.397797 0.379841 0.422786 0.00150091
2 0.758242 0.387894 0.22825 0.407657 0.00145614
21 0.758242 0.387894 0.22825 0.407657 0.00140073
8 0.521743 0.397821 0.400222 0.423391 0.001379
11 0.529488 0.397797 0.379841 0.422786 0.00126558
3 0.521743 0.397821 0.400222 0.423391 0.00125232
6 0.521743 0.397821 0.400222 0.423391 0.00112785
18 0.521743 0.397821 0.400222 0.423391 0.00110356
10 0.521743 0.397821 0.400222 0.423391 0.00109816
13 0.521743 0.397821 0.400222 0.423391 0.00108156
17 0.521743 0.397821 0.400222 0.423391 0.00105977
