1 0.448929 0.688164 0.132354 0.147488 0.931041
4 0.416631 0.509324 0.184317 0.194013 0.858485
5 0.708199 0.539186 0.199043 0.240243 0.742655
1 0.29433 0.653192 0.124759 0.149717 0.593208
4 0.707946 0.54279 0.191187 0.241227 0.318299
1 0.564709 0.695834 0.124095 0.126133 0.211444
4 0.294237 0.653616 0.127815 0.14865 0.0564298
5 0.416702 0.509311 0.184148 0.184672 0.0231344
0 0.568484 0.696402 0.127567 0.133935 0.0178479
1 0.417129 0.508469 0.18668 0.185032 0.0130011
4 0.448064 0.68796 0.13605 0.150208 0.0100211
8 0.417129 0.508469 0.18668 0.185032 0.00912799
1 0.707576 0.539329 0.205117 0.234927 0.00838712
14 0.416702 0.509311 0.184148 0.184672 0.0076349
19 0.417885 0.50814 0.184674 0.181992 0.00741772
0 0.448064 0.68796 0.13605 0.150208 0.00706598
22 0.294237 0.653616 0.127815 0.14865 0.00633145
15 0.416702 0.509311 0.184148 0.184672 0.0060061
17 0.417885 0.50814 0.184674 0.181992 0.00583151
8 0.294237 0.653616 0.127815 0.14865 0.00552875
5 0.165249 0.0310276 0.135047 0.0620552 0.00515105
19 0.707576 0.539329 0.205117 0.234927 0.00508353
2 0.417885 0.50814 0.184674 0.181992 0.00496033
10 0.417129 0.508469 0.18668 0.185032 0.00489147
0 0.416702 0.509311 0.184148 0.184672 0.00459544
22 0.417885 0.50814 0.184674 0.181992 0.00453222
14 0.708055 0.539932 0.203453 0.231871 0.00452612
8 0.708055 0.539932 0.203453 0.231871 0.00448437
20 0.417129 0.508469 0.18668 0.185032 0.00447384
22 0.450021 0.689027 0.134977 0.146771 0.00431659
16 0.417885 0.50814 0.184674 0.181992 0.00430813
8 0.450021 0.689027 0.134977 0.146771 0.00418133
0 0.294181 0.654397 0.125146 0.149165 0.00410788
10 0.294181 0.654397 0.125146 0.149165 0.00406541
17 0.450021 0.689027 0.134977 0.146771 0.00382559
10 0.708055 0.539932 0.203453 0.231871 0.00372096
0 0.707859 0.539154 0.199617 0.240242 0.00367244
4 0.570002 0.696371 0.129266 0.129262 0.00353105
17 0.708055 0.539932 0.203453 0.231871 0.00344927
18 0.417885 0.50814 0.184674 0.181992 0.00336329
22 0.708055 0.539932 0.203453 0.231871 0.00336299
18 0.449211 0.68802 0.135393 0.149613 0.00332157
5 0.449569 0.689365 0.133561 0.14803 0.0030848
12 0.417885 0.50814 0.184674 0.181992 0.00300435
18 0.707576 0.539329 0.205117 0.234927 0.00300067
21 0.416702 0.509311 0.184148 0.184672 0.00293307
9 0.417885 0.50814 0.184674 0.181992 0.00292079
13 0.417129 0.508469 0.18668 0.185032 0.00289106
6 0.416702 0.509311 0.184148 0.184672 0.0028851
14 0.449211 0.68802 0.135393 0.149613 0.0028038
16 0.707576 0.539329 0.205117 0.234927 0.00274757
6 0.708055 0.539932 0.203453 0.231871 0.0027383
7 0.708055 0.539932 0.203453 0.231871 0.00273517
15 0.707576 0.539329 0.205117 0.234927 0.0027322
11 0.44916 0.688431 0.133322 0.148148 0.00271071
2 0.449211 0.68802 0.135393 0.149613 0.00267068
11 0.416702 0.509311 0.184148 0.184672 0.00265192
7 0.416702 0.509311 0.184148 0.184672 0.00261688
10 0.448064 0.68796 0.13605 0.150208 0.00255511
2 0.707576 0.539329 0.205117 0.234927 0.00255377
7 0.449211 0.68802 0.135393 0.149613 0.00250888
3 0.449211 0.68802 0.135393 0.149613 0.00250393
13 0.707576 0.539329 0.205117 0.234927 0.00249305
20 0.707576 0.539329 0.205117 0.234927 0.00246201
0 0.510259 0.224674 0.0424922 0.0479352 0.00243743
12 0.707576 0.539329 0.205117 0.234927 0.0024105
3 0.416702 0.509311 0.184148 0.184672 0.00238191
17 0.294153 0.653688 0.123412 0.149607 0.00234784
9 0.707576 0.539329 0.205117 0.234927 0.00226545
15 0.449569 0.689365 0.133561 0.14803 0.00225163
11 0.707859 0.539154 0.199617 0.240242 0.00221867
20 0.449211 0.68802 0.135393 0.149613 0.00211281
21 0.707576 0.539329 0.205117 0.234927 0.00199558
11 0.294153 0.653688 0.123412 0.149607 0.00199218
9 0.449211 0.68802 0.135393 0.149613 0.00196352
6 0.449211 0.68802 0.135393 0.149613 0.00194191
3 0.708055 0.539932 0.203453 0.231871 0.00191572
21 0.449211 0.68802 0.135393 0.149613 0.00190583
12 0.449211 0.68802 0.135393 0.149613 0.00186203
18 0.29433 0.653192 0.124759 0.149717 0.00182698
19 0.449211 0.68802 0.135393 0.149613 0.00181065
2 0.29433 0.653192 0.124759 0.149717 0.00176683
16 0.449211 0.68802 0.135393 0.149613 0.00173837
14 0.294237 0.653616 0.127815 0.14865 0.00168085
13 0.449211 0.68802 0.135393 0.149613 0.00150452
22 0.570002 0.696371 0.129266 0.129262 0.00134765
15 0.294153 0.653688 0.123412 0.149607 0.00127235
7 0.293321 0.653855 0.126675 0.146881 0.00126372
20 0.294559 0.653329 0.124678 0.150518 0.00126145
3 0.293321 0.653855 0.126675 0.146881 0.00119257
5 0.294153 0.653688 0.123412 0.149607 0.0011539
5 0.568537 0.696657 0.13139 0.135337 0.00107238
21 0.293321 0.653855 0.126675 0.146881 0.00105854
18 0.569066 0.69629 0.127901 0.133605 0.00102304
9 0.293321 0.653855 0.126675 0.146881 0.00100414
17 0.569131 0.698148 0.125691 0.134844 0.00100326
