5 0.552125 0.64167 0.330275 0.338264 0.0498794
5 0.363888 0.646165 0.231343 0.317604 0.0126548
11 0.604217 0.105586 0.0252975 0.0891721 0.00482324
11 0.643446 0.105331 0.0239556 0.0801548 0.00408424
4 0.556641 0.640624 0.308555 0.355627 0.00372274
17 0.557876 0.650146 0.306253 0.362432 0.00301477
5 0.448842 0.637437 0.177658 0.335427 0.00264079
11 0.350004 0.642151 0.25476 0.352272 0.00224681
5 0.608716 0.650449 0.199537 0.33745 0.00197303
17 0.359378 0.640519 0.24518 0.359931 0.00119318
7 0.541695 0.649881 0.308778 0.353474 0.0011086
4 0.361332 0.651834 0.238452 0.328927 0.00107829
