1 0.567886 0.409403 0.208725 0.229403 0.86081
0 0.568269 0.410224 0.209335 0.231127 0.0120075
22 0.567886 0.409403 0.208725 0.229403 0.00547459
2 0.567886 0.409403 0.208725 0.229403 0.00464466
3 0.567886 0.409403 0.208725 0.229403 0.00444065
18 0.567886 0.409403 0.208725 0.229403 0.00443339
5 0.568824 0.409586 0.209068 0.231119 0.00437539
14 0.568824 0.409586 0.209068 0.231119 0.00431894
17 0.567886 0.409403 0.208725 0.229403 0.00412918
8 0.567886 0.409403 0.208725 0.229403 0.00403641
4 0.568824 0.409586 0.209068 0.231119 0.00390401
7 0.568824 0.409586 0.209068 0.231119 0.00382434
15 0.568824 0.409586 0.209068 0.231119 0.00377927
11 0.567886 0.409403 0.208725 0.229403 0.00323886
6 0.567886 0.409403 0.208725 0.229403 0.00297932
21 0.567886 0.409403 0.208725 0.229403 0.00293994
20 0.567886 0.409403 0.208725 0.229403 0.00276848
10 0.567886 0.409403 0.208725 0.229403 0.00268909
16 0.567886 0.409403 0.208725 0.229403 0.00267309
12 0.567886 0.409403 0.208725 0.229403 0.00254086
9 0.567886 0.409403 0.208725 0.229403 0.00239472
13 0.567886 0.409403 0.208725 0.229403 0.00236716
19 0.567886 0.409403 0.208725 0.229403 0.00191716
