10 0.670017 0.596552 0.162973 0.171326 0.539971
11 0.475141 0.457697 0.162004 0.503914 0.215106
10 0.671678 0.434428 0.170825 0.155346 0.0706745
17 0.66971 0.612599 0.166691 0.202404 0.0193409
14 0.670883 0.600163 0.16893 0.182931 0.0119872
19 0.482041 0.467047 0.187345 0.509563 0.0117428
3 0.479426 0.45918 0.181959 0.523936 0.0110933
11 0.429884 0.459941 0.220158 0.537113 0.00953655
11 0.670883 0.600163 0.16893 0.182931 0.00862369
22 0.670883 0.600163 0.16893 0.182931 0.0084332
8 0.670883 0.600163 0.16893 0.182931 0.00793287
6 0.670883 0.600163 0.16893 0.182931 0.00651193
20 0.479426 0.45918 0.181959 0.523936 0.00638859
4 0.670883 0.600163 0.16893 0.182931 0.00606335
1 0.670883 0.600163 0.16893 0.182931 0.00591359
20 0.670883 0.600163 0.16893 0.182931 0.00534471
0 0.670883 0.600163 0.16893 0.182931 0.00533885
2 0.670883 0.600163 0.16893 0.182931 0.00517439
17 0.671857 0.434007 0.188527 0.180341 0.00503083
5 0.670883 0.600163 0.16893 0.182931 0.004925
6 0.479426 0.45918 0.181959 0.523936 0.00480034
21 0.670883 0.600163 0.16893 0.182931 0.0047489
8 0.482041 0.467047 0.187345 0.509563 0.00446462
17 0.663915 0.489047 0.1944 0.395231 0.00387153
10 0.479426 0.45918 0.181959 0.523936 0.00375482
10 0.652036 0.630217 0.138493 0.233169 0.00356912
11 0.872822 0.876418 0.0356779 0.129184 0.00333732
4 0.988664 0.543276 0.0226727 0.107585 0.00330027
3 0.670883 0.600163 0.16893 0.182931 0.00302182
14 0.672658 0.422356 0.178595 0.157233 0.0030044
15 0.472387 0.456828 0.181922 0.527694 0.00287585
16 0.670883 0.600163 0.16893 0.182931 0.00254305
11 0.671857 0.434007 0.188527 0.180341 0.0025056
17 0.472387 0.456828 0.181922 0.527694 0.00248635
18 0.670883 0.600163 0.16893 0.182931 0.00243046
12 0.670883 0.600163 0.16893 0.182931 0.00224335
10 0.692265 0.574057 0.114061 0.126069 0.0022331
17 0.667282 0.577264 0.170995 0.118098 0.00221746
13 0.479426 0.45918 0.181959 0.523936 0.00220593
9 0.670883 0.600163 0.16893 0.182931 0.00218298
2 0.479426 0.45918 0.181959 0.523936 0.00207592
15 0.670883 0.600163 0.16893 0.182931 0.00185276
5 0.988664 0.543276 0.0226727 0.107585 0.00178214
18 0.479426 0.45918 0.181959 0.523936 0.00176691
20 0.668877 0.432364 0.184104 0.161111 0.00170437
4 0.472387 0.456828 0.181922 0.527694 0.00166688
11 0.242755 0.7714 0.126876 0.241936 0.00164379
5 0.472387 0.456828 0.181922 0.527694 0.0016359
1 0.472387 0.456828 0.181922 0.527694 0.0015556
13 0.670883 0.600163 0.16893 0.182931 0.00150968
8 0.671857 0.434007 0.188527 0.180341 0.00149086
10 0.617982 0.592082 0.048742 0.136344 0.00142039
10 0.663915 0.489047 0.1944 0.395231 0.00136893
5 0.123652 0.23179 0.19758 0.274178 0.00136858
19 0.670883 0.600163 0.16893 0.182931 0.00132996
6 0.671857 0.434007 0.188527 0.180341 0.00130609
7 0.670883 0.600163 0.16893 0.182931 0.00128635
11 0.94038 0.880855 0.0321442 0.117008 0.00127793
21 0.479426 0.45918 0.181959 0.523936 0.00126005
11 0.920529 0.75957 0.0198303 0.106154 0.00121359
16 0.479426 0.45918 0.181959 0.523936 0.00119905
10 0.648877 0.579191 0.118844 0.122297 0.00119403
4 0.671857 0.434007 0.188527 0.180341 0.00113927
9 0.479426 0.45918 0.181959 0.523936 0.00113741
5 0.988995 0.332095 0.0220106 0.113656 0.00112704
5 0.671857 0.434007 0.188527 0.180341 0.00109148
22 0.479426 0.45918 0.181959 0.523936 0.00108496
12 0.479426 0.45918 0.181959 0.523936 0.00100929
