4 0.227917 0.385809 0.455834 0.464886 0.331392
4 0.587521 0.378474 0.3833 0.473321 0.173758
5 0.596218 0.36478 0.409588 0.491732 0.130271
17 0.228 0.386811 0.456 0.460926 0.0548945
4 0.311247 0.391525 0.261744 0.472141 0.0353327
0 0.555802 0.0585353 0.0787684 0.0845721 0.0299869
19 0.597921 0.364633 0.425361 0.486404 0.0258153
14 0.228 0.386811 0.456 0.460926 0.0209088
5 0.222935 0.383583 0.422962 0.464072 0.0168853
7 0.217878 0.383698 0.433823 0.46311 0.0128329
8 0.228 0.386811 0.456 0.460926 0.0120054
1 0.217878 0.383698 0.433823 0.46311 0.00975329
22 0.217878 0.383698 0.433823 0.46311 0.00860956
8 0.571452 0.3721 0.408953 0.458703 0.00637953
5 0.530561 0.41198 0.318021 0.404821 0.00422866
19 0.222935 0.383583 0.422962 0.464072 0.00339153
14 0.625552 0.375208 0.460738 0.48508 0.00214637
5 0.311247 0.391525 0.261744 0.472141 0.0019964
22 0.596218 0.36478 0.409588 0.491732 0.00192586
10 0.222935 0.383583 0.422962 0.464072 0.00188802
2 0.217878 0.383698 0.433823 0.46311 0.00187134
15 0.222935 0.383583 0.422962 0.464072 0.00173774
3 0.217878 0.383698 0.433823 0.46311 0.00168156
7 0.596218 0.36478 0.409588 0.491732 0.00162814
20 0.588714 0.376519 0.367554 0.477215 0.00152334
11 0.222935 0.383583 0.422962 0.464072 0.00141601
16 0.222935 0.383583 0.422962 0.464072 0.00123591
20 0.222935 0.383583 0.422962 0.464072 0.00121596
4 0.660296 0.337265 0.30786 0.455169 0.00116986
3 0.596218 0.36478 0.409588 0.491732 0.00116944
13 0.588714 0.376519 0.367554 0.477215 0.00115972
0 0.46929 0.0968303 0.0655677 0.0718483 0.001142
11 0.588714 0.376519 0.367554 0.477215 0.00114139
2 0.588714 0.376519 0.367554 0.477215 0.00113016
13 0.217878 0.383698 0.433823 0.46311 0.0011006
18 0.596218 0.36478 0.409588 0.491732 0.00107924
21 0.222935 0.383583 0.422962 0.464072 0.00106609
16 0.588714 0.376519 0.367554 0.477215 0.00106391
4 0.527492 0.430205 0.318446 0.365486 0.0010428
1 0.596218 0.36478 0.409588 0.491732 0.00101933
