4 0.451396 0.631968 0.096983 0.27485 0.462545
22 0.450688 0.629922 0.0910225 0.276374 0.125574
17 0.591396 0.632642 0.368698 0.283887 0.0272275
13 0.454041 0.632003 0.0948311 0.280636 0.0251003
11 0.451396 0.631968 0.096983 0.27485 0.0225647
3 0.450688 0.629922 0.0910225 0.276374 0.0208078
1 0.45081 0.629451 0.094798 0.276393 0.0187001
2 0.45081 0.629451 0.094798 0.276393 0.017996
7 0.45081 0.629451 0.094798 0.276393 0.0130982
20 0.451795 0.630751 0.0953207 0.278984 0.0105716
16 0.450786 0.629683 0.0965966 0.283628 0.0103129
18 0.453424 0.627396 0.09646 0.277808 0.00625996
0 0.451233 0.630715 0.0936425 0.278338 0.00593502
6 0.450786 0.629683 0.0965966 0.283628 0.00496064
8 0.452905 0.630576 0.0966806 0.266922 0.00467684
7 0.559425 0.631225 0.314456 0.295358 0.00461851
21 0.451233 0.630715 0.0936425 0.278338 0.00455513
19 0.453278 0.629652 0.0971368 0.27724 0.00427316
17 0.453424 0.627396 0.09646 0.277808 0.00388054
15 0.450786 0.629683 0.0965966 0.283628 0.00349123
4 0.349898 0.631469 0.123989 0.272582 0.00315362
9 0.451233 0.630715 0.0936425 0.278338 0.00268666
12 0.450786 0.629683 0.0965966 0.283628 0.00264916
5 0.450688 0.629922 0.0910225 0.276374 0.00259798
14 0.450786 0.629683 0.0965966 0.283628 0.00252319
22 0.559425 0.631225 0.314456 0.295358 0.00231326
10 0.450786 0.629683 0.0965966 0.283628 0.00204738
14 0.628606 0.632122 0.431102 0.28571 0.00117219
