0 0.453625 0.754932 0.119323 0.116606 0.914402
0 0.573591 0.765692 0.121695 0.123708 0.891056
5 0.552899 0.53724 0.208141 0.247546 0.517106
18 0.573342 0.766268 0.122662 0.12653 0.0290493
1 0.573743 0.766339 0.122616 0.122517 0.0163452
17 0.573986 0.765743 0.122079 0.125531 0.0115256
1 0.452622 0.754484 0.119582 0.11791 0.0109755
18 0.453355 0.753968 0.120759 0.119177 0.00768807
0 0.457553 0.754733 0.171005 0.137252 0.00697117
22 0.573342 0.766268 0.122662 0.12653 0.00642576
17 0.453348 0.754089 0.124965 0.115598 0.00595131
11 0.573986 0.765743 0.122079 0.125531 0.00543862
11 0.453662 0.754061 0.121428 0.119182 0.00469209
20 0.573342 0.766268 0.122662 0.12653 0.00434077
5 0.453348 0.754089 0.124965 0.115598 0.00432267
3 0.573342 0.766268 0.122662 0.12653 0.00409479
22 0.453662 0.754061 0.121428 0.119182 0.00395372
20 0.453278 0.754701 0.127391 0.116824 0.00349153
10 0.552862 0.536325 0.208388 0.241141 0.0034384
14 0.453348 0.754089 0.124965 0.115598 0.00326812
12 0.573342 0.766268 0.122662 0.12653 0.003212
16 0.573342 0.766268 0.122662 0.12653 0.00316668
5 0.573869 0.766341 0.119827 0.120921 0.00314971
2 0.573342 0.766268 0.122662 0.12653 0.00313108
21 0.573342 0.766268 0.122662 0.12653 0.00301238
10 0.572716 0.765989 0.123411 0.127013 0.00294391
8 0.453348 0.754089 0.124965 0.115598 0.00292255
9 0.573342 0.766268 0.122662 0.12653 0.00291096
4 0.552862 0.536325 0.208388 0.241141 0.00288674
13 0.573342 0.766268 0.122662 0.12653 0.00281751
15 0.573342 0.766268 0.122662 0.12653 0.00281279
17 0.552862 0.536325 0.208388 0.241141 0.00278781
3 0.453348 0.754089 0.124965 0.115598 0.00273429
14 0.572716 0.765989 0.123411 0.127013 0.00270595
6 0.573986 0.765743 0.122079 0.125531 0.00270183
6 0.453348 0.754089 0.124965 0.115598 0.00268399
4 0.453348 0.754089 0.124965 0.115598 0.00268059
8 0.573986 0.765743 0.122079 0.125531 0.00266702
2 0.453278 0.754701 0.127391 0.116824 0.0025106
14 0.552862 0.536325 0.208388 0.241141 0.00250135
4 0.573986 0.765743 0.122079 0.125531 0.00246877
12 0.453348 0.754089 0.124965 0.115598 0.00245192
11 0.552862 0.536325 0.208388 0.241141 0.00240728
10 0.453348 0.754089 0.124965 0.115598 0.00240575
13 0.453348 0.754089 0.124965 0.115598 0.00237422
19 0.573342 0.766268 0.122662 0.12653 0.00235909
9 0.453348 0.754089 0.124965 0.115598 0.00232708
21 0.453278 0.754701 0.127391 0.116824 0.00229887
16 0.453348 0.754089 0.124965 0.115598 0.00224143
1 0.552862 0.536325 0.208388 0.241141 0.00214609
6 0.552862 0.536325 0.208388 0.241141 0.00213103
19 0.453348 0.754089 0.124965 0.115598 0.00212976
0 0.552491 0.536841 0.212008 0.242693 0.00205392
15 0.453278 0.754701 0.127391 0.116824 0.00200837
22 0.552862 0.536325 0.208388 0.241141 0.00186787
7 0.552862 0.536325 0.208388 0.241141 0.00177856
7 0.453348 0.754089 0.124965 0.115598 0.00177197
8 0.552862 0.536325 0.208388 0.241141 0.00175964
19 0.552862 0.536325 0.208388 0.241141 0.00170344
7 0.572716 0.765989 0.123411 0.127013 0.00165666
0 0.582073 0.769296 0.181433 0.152788 0.00149971
18 0.552862 0.536325 0.208388 0.241141 0.00144014
13 0.552862 0.536325 0.208388 0.241141 0.00131303
20 0.552862 0.536325 0.208388 0.241141 0.0013061
12 0.552862 0.536325 0.208388 0.241141 0.00119316
16 0.552862 0.536325 0.208388 0.241141 0.001176
9 0.552862 0.536325 0.208388 0.241141 0.00110966
21 0.552862 0.536325 0.208388 0.241141 0.00102706
15 0.552862 0.536325 0.208388 0.241141 0.00102347
