5 0.564841 0.655109 0.186334 0.347225 0.925013
5 0.411741 0.714113 0.163626 0.259209 0.779039
1 0.563567 0.65481 0.19003 0.358706 0.00682462
7 0.409569 0.71511 0.166774 0.261846 0.00450523
7 0.564884 0.657687 0.184436 0.353106 0.00436644
19 0.564567 0.65405 0.187611 0.347888 0.00414614
14 0.409569 0.71511 0.166774 0.261846 0.00394583
14 0.564567 0.65405 0.187611 0.347888 0.00380462
1 0.409569 0.71511 0.166774 0.261846 0.00377837
0 0.409569 0.71511 0.166774 0.261846 0.00373196
6 0.563567 0.65481 0.19003 0.358706 0.00346251
19 0.409569 0.71511 0.166774 0.261846 0.00343693
18 0.563567 0.65481 0.19003 0.358706 0.00334926
4 0.564567 0.65405 0.187611 0.347888 0.00325914
8 0.564567 0.65405 0.187611 0.347888 0.00313803
4 0.409569 0.71511 0.166774 0.261846 0.00290791
11 0.563567 0.65481 0.19003 0.358706 0.00283168
6 0.409569 0.71511 0.166774 0.261846 0.00281567
13 0.409569 0.71511 0.166774 0.261846 0.00273413
10 0.564567 0.65405 0.187611 0.347888 0.00263572
15 0.564567 0.65405 0.187611 0.347888 0.00247824
11 0.408735 0.717808 0.169145 0.255433 0.00246211
13 0.563567 0.65481 0.19003 0.358706 0.0024249
22 0.564567 0.65405 0.187611 0.347888 0.00238418
22 0.409569 0.71511 0.166774 0.261846 0.00235186
8 0.409569 0.71511 0.166774 0.261846 0.0023416
18 0.409569 0.71511 0.166774 0.261846 0.0023219
17 0.564567 0.65405 0.187611 0.347888 0.00229737
0 0.563567 0.65481 0.19003 0.358706 0.00227443
17 0.409569 0.71511 0.166774 0.261846 0.00226043
3 0.564567 0.65405 0.187611 0.347888 0.00217117
9 0.409569 0.71511 0.166774 0.261846 0.0020609
9 0.564567 0.65405 0.187611 0.347888 0.00203246
12 0.564567 0.65405 0.187611 0.347888 0.00198966
16 0.564884 0.657687 0.184436 0.353106 0.00196142
15 0.409569 0.71511 0.166774 0.261846 0.001951
21 0.563567 0.65481 0.19003 0.358706 0.00193456
12 0.409569 0.71511 0.166774 0.261846 0.00193013
2 0.564567 0.65405 0.187611 0.347888 0.00192907
20 0.563567 0.65481 0.19003 0.358706 0.00192662
10 0.408735 0.717808 0.169145 0.255433 0.0019005
16 0.409569 0.71511 0.166774 0.261846 0.00179256
3 0.409569 0.71511 0.166774 0.261846 0.00177266
20 0.408735 0.717808 0.169145 0.255433 0.00175123
21 0.409569 0.71511 0.166774 0.261846 0.00165091
2 0.409569 0.71511 0.166774 0.261846 0.00156197
