1 0.484351 0.579934 0.268938 0.2586 0.902659
4 0.484707 0.578792 0.267912 0.259765 0.00519865
17 0.483765 0.57981 0.270304 0.260277 0.00450926
7 0.484707 0.578792 0.267912 0.259765 0.00440894
22 0.484707 0.578792 0.267912 0.259765 0.00412784
17 0.703675 0.636235 0.326134 0.39241 0.00389698
5 0.484707 0.578792 0.267912 0.259765 0.0038813
14 0.483765 0.57981 0.270304 0.260277 0.00371078
15 0.484707 0.578792 0.267912 0.259765 0.00362112
18 0.483765 0.57981 0.270304 0.260277 0.00358094
8 0.484707 0.578792 0.267912 0.259765 0.0034965
2 0.483765 0.57981 0.270304 0.260277 0.00348373
3 0.484707 0.578792 0.267912 0.259765 0.00342823
0 0.483765 0.57981 0.270304 0.260277 0.00335322
11 0.346572 0.117683 0.0758931 0.143929 0.00310571
21 0.484707 0.578792 0.267912 0.259765 0.0025153
6 0.484707 0.578792 0.267912 0.259765 0.00247824
16 0.484707 0.578792 0.267912 0.259765 0.00222475
10 0.483765 0.57981 0.270304 0.260277 0.0021901
11 0.484707 0.578792 0.267912 0.259765 0.002189
12 0.484707 0.578792 0.267912 0.259765 0.00215459
20 0.484707 0.578792 0.267912 0.259765 0.00208391
19 0.483765 0.57981 0.270304 0.260277 0.00193607
9 0.483765 0.57981 0.270304 0.260277 0.00188328
13 0.483765 0.57981 0.270304 0.260277 0.00177456
14 0.688343 0.613683 0.31233 0.388081 0.00122275
