14 0.494706 0.514082 0.213817 0.333094 0.709888
17 0.495149 0.523699 0.212722 0.317552 0.133992
7 0.495215 0.517151 0.211815 0.321033 0.132948
17 0.589673 0.48637 0.357415 0.399969 0.0941884
14 0.545073 0.482932 0.367405 0.406225 0.0435516
4 0.716684 0.178621 0.169247 0.09994 0.0210618
17 0.682136 0.486575 0.331915 0.414401 0.0202395
17 0.693302 0.474949 0.53311 0.425768 0.0132288
1 0.494312 0.51684 0.20918 0.320891 0.00830317
15 0.49435 0.513639 0.209544 0.324413 0.00625521
5 0.49435 0.513639 0.209544 0.324413 0.00619734
22 0.49435 0.513639 0.209544 0.324413 0.00440471
0 0.494312 0.51684 0.20918 0.320891 0.00351142
4 0.49435 0.513639 0.209544 0.324413 0.00342324
11 0.49435 0.513639 0.209544 0.324413 0.00337078
21 0.49435 0.513639 0.209544 0.324413 0.00314531
13 0.49435 0.513639 0.209544 0.324413 0.00311929
3 0.49435 0.513639 0.209544 0.324413 0.00252206
2 0.49435 0.513639 0.209544 0.324413 0.00214703
8 0.49435 0.513639 0.209544 0.324413 0.00214429
7 0.545544 0.484031 0.372015 0.399307 0.00210428
10 0.716014 0.179647 0.174087 0.0961013 0.00206701
12 0.49435 0.513639 0.209544 0.324413 0.00206692
19 0.49435 0.513639 0.209544 0.324413 0.00200934
16 0.49435 0.513639 0.209544 0.324413 0.0019396
9 0.49435 0.513639 0.209544 0.324413 0.00188309
5 0.722521 0.173825 0.177917 0.117277 0.00180634
20 0.49435 0.513639 0.209544 0.324413 0.00165698
18 0.49435 0.513639 0.209544 0.324413 0.00163779
10 0.49435 0.513639 0.209544 0.324413 0.00159236
7 0.682136 0.486575 0.331915 0.414401 0.00156751
6 0.49435 0.513639 0.209544 0.324413 0.00153709
5 0.739807 0.459934 0.281877 0.507725 0.00141665
17 0.631498 0.444874 0.250932 0.347713 0.00133482
17 0.739807 0.459934 0.281877 0.507725 0.00128043
5 0.622858 0.487288 0.23155 0.412186 0.00127184
14 0.724455 0.180254 0.184886 0.0966206 0.00116468
5 0.545073 0.482932 0.367405 0.406225 0.00115848
5 0.740164 0.473524 0.500546 0.434914 0.00101523
