1 0.495384 0.562222 0.315777 0.320553 0.922839
1 0.187209 0.619483 0.286099 0.291117 0.723261
0 0.173029 0.630243 0.322191 0.326045 0.00677423
0 0.495091 0.564573 0.316839 0.327557 0.00464679
18 0.495091 0.564573 0.316839 0.327557 0.00399829
4 0.494732 0.562396 0.315233 0.319375 0.0039969
1 0.491886 0.561092 0.169588 0.312372 0.00389668
22 0.187209 0.619483 0.286099 0.291117 0.00379011
22 0.494732 0.562396 0.315233 0.319375 0.003732
17 0.493616 0.562006 0.316348 0.324208 0.00367134
4 0.187209 0.619483 0.286099 0.291117 0.00360156
2 0.494732 0.562396 0.315233 0.319375 0.00340035
3 0.494732 0.562396 0.315233 0.319375 0.0033633
5 0.495091 0.564573 0.316839 0.327557 0.00305689
15 0.495091 0.564573 0.316839 0.327557 0.00300958
7 0.494732 0.562396 0.315233 0.319375 0.00292615
3 0.186603 0.619216 0.303918 0.296737 0.00287006
8 0.494732 0.562396 0.315233 0.319375 0.00286095
18 0.187209 0.619483 0.286099 0.291117 0.00286003
17 0.186603 0.619216 0.303918 0.296737 0.00281069
5 0.187209 0.619483 0.286099 0.291117 0.00270578
2 0.187209 0.619483 0.286099 0.291117 0.00270207
7 0.187209 0.619483 0.286099 0.291117 0.00231908
21 0.494732 0.562396 0.315233 0.319375 0.00230012
14 0.494732 0.562396 0.315233 0.319375 0.002261
8 0.187209 0.619483 0.286099 0.291117 0.00224228
6 0.493616 0.562006 0.316348 0.324208 0.00211062
16 0.495091 0.564573 0.316839 0.327557 0.00203709
20 0.495091 0.564573 0.316839 0.327557 0.00201423
14 0.188477 0.621916 0.286633 0.300385 0.00200607
11 0.493616 0.562006 0.316348 0.324208 0.00198297
12 0.494732 0.562396 0.315233 0.319375 0.00195524
11 0.186603 0.619216 0.303918 0.296737 0.00193948
15 0.187209 0.619483 0.286099 0.291117 0.00190554
19 0.495091 0.564573 0.316839 0.327557 0.00186855
6 0.186603 0.619216 0.303918 0.296737 0.0018335
21 0.187209 0.619483 0.286099 0.291117 0.0017382
10 0.495091 0.564573 0.316839 0.327557 0.00172816
16 0.187209 0.619483 0.286099 0.291117 0.00170673
12 0.187209 0.619483 0.286099 0.291117 0.00169609
20 0.187209 0.619483 0.286099 0.291117 0.00166381
9 0.494732 0.562396 0.315233 0.319375 0.0016366
10 0.187209 0.619483 0.286099 0.291117 0.0016074
13 0.495091 0.564573 0.316839 0.327557 0.00158267
19 0.188477 0.621916 0.286633 0.300385 0.00144783
9 0.187209 0.619483 0.286099 0.291117 0.00140816
13 0.186603 0.619216 0.303918 0.296737 0.00131488
1 0.184025 0.617883 0.172767 0.279493 0.00123333
