5 0.484803 0.455836 0.353692 0.431824 0.55645
1 0.479349 0.456614 0.359746 0.434202 0.00688372
4 0.485348 0.454558 0.355054 0.441339 0.00459088
7 0.485348 0.454558 0.355054 0.441339 0.0018651
22 0.479349 0.456614 0.359746 0.434202 0.00179007
14 0.485348 0.454558 0.355054 0.441339 0.00167654
8 0.485348 0.454558 0.355054 0.441339 0.00151144
10 0.485348 0.454558 0.355054 0.441339 0.00149385
19 0.485348 0.454558 0.355054 0.441339 0.00144421
0 0.485348 0.454558 0.355054 0.441339 0.00128271
17 0.485348 0.454558 0.355054 0.441339 0.00127273
11 0.485348 0.454558 0.355054 0.441339 0.00123318
6 0.485348 0.454558 0.355054 0.441339 0.00116659
18 0.485348 0.454558 0.355054 0.441339 0.00108012
16 0.485348 0.454558 0.355054 0.441339 0.00100268
