11 0.646105 0.513644 0.111073 0.248346 0.914208
11 0.475728 0.508182 0.108354 0.252652 0.913655
11 0.302394 0.480035 0.118177 0.256074 0.0134258
8 0.646515 0.514197 0.112172 0.255738 0.0115724
15 0.292434 0.48822 0.124181 0.257551 0.00599793
1 0.646497 0.515026 0.110979 0.251832 0.00488061
15 0.646515 0.514197 0.112172 0.255738 0.00467185
14 0.646515 0.514197 0.112172 0.255738 0.00461728
20 0.475901 0.5089 0.109267 0.252178 0.00414551
1 0.475901 0.5089 0.109267 0.252178 0.00407294
17 0.646515 0.514197 0.112172 0.255738 0.00404179
15 0.476585 0.509464 0.111572 0.254284 0.0039914
14 0.475901 0.5089 0.109267 0.252178 0.00365546
10 0.646515 0.514197 0.112172 0.255738 0.0033725
20 0.646497 0.515026 0.110979 0.251832 0.00335088
10 0.475901 0.5089 0.109267 0.252178 0.00298848
0 0.646105 0.513644 0.111073 0.248346 0.0027164
3 0.475901 0.5089 0.109267 0.252178 0.00267239
3 0.646497 0.515026 0.110979 0.251832 0.00248328
18 0.475951 0.50871 0.108749 0.251945 0.00245953
0 0.475901 0.5089 0.109267 0.252178 0.00243787
6 0.475901 0.5089 0.109267 0.252178 0.00237365
4 0.299673 0.477428 0.11725 0.249471 0.00230524
17 0.476585 0.509464 0.111572 0.254284 0.00222724
8 0.476585 0.509464 0.111572 0.254284 0.00222396
6 0.646497 0.515026 0.110979 0.251832 0.0021575
18 0.646542 0.515613 0.113432 0.25483 0.00214647
4 0.475901 0.5089 0.109267 0.252178 0.00211185
4 0.646497 0.515026 0.110979 0.251832 0.00194331
13 0.475901 0.5089 0.109267 0.252178 0.00188148
16 0.475901 0.5089 0.109267 0.252178 0.00181683
13 0.646497 0.515026 0.110979 0.251832 0.00172061
9 0.475901 0.5089 0.109267 0.252178 0.00171543
16 0.646497 0.515026 0.110979 0.251832 0.00166564
12 0.475901 0.5089 0.109267 0.252178 0.00165913
12 0.646497 0.515026 0.110979 0.251832 0.00162891
9 0.646497 0.515026 0.110979 0.251832 0.00162751
5 0.476585 0.509464 0.111572 0.254284 0.00160558
21 0.475901 0.5089 0.109267 0.252178 0.00157137
2 0.475901 0.5089 0.109267 0.252178 0.00156964
2 0.646497 0.515026 0.110979 0.251832 0.0014909
5 0.646497 0.515026 0.110979 0.251832 0.00146985
7 0.646497 0.515026 0.110979 0.251832 0.0014619
19 0.646979 0.513588 0.112515 0.254808 0.0014576
19 0.475901 0.5089 0.109267 0.252178 0.00142622
7 0.475901 0.5089 0.109267 0.252178 0.00140048
21 0.646497 0.515026 0.110979 0.251832 0.00139985
0 0.835689 0.0490189 0.0485666 0.0500071 0.00125429
1 0.835123 0.0496891 0.0547249 0.0545032 0.00100857
