10 0.73896 0.638067 0.118006 0.141437 0.828655
10 0.601356 0.615491 0.124145 0.152339 0.797348
10 0.449055 0.610798 0.125461 0.120341 0.781227
10 0.548628 0.756973 0.118922 0.113901 0.750894
10 0.65962 0.761604 0.102448 0.110847 0.71112
21 0.604127 0.615861 0.112213 0.113457 0.626215
2 0.601768 0.617107 0.117105 0.150817 0.02736
14 0.548119 0.756678 0.116845 0.114706 0.0272853
14 0.60126 0.616032 0.124507 0.164808 0.0258479
14 0.65962 0.761604 0.102448 0.110847 0.0225466
16 0.604313 0.61608 0.127201 0.14358 0.0183404
8 0.596941 0.613925 0.127542 0.153251 0.0137669
21 0.737617 0.638769 0.1176 0.143157 0.0134554
14 0.448503 0.610741 0.12741 0.123361 0.0120695
14 0.73752 0.638311 0.119729 0.147005 0.00983202
8 0.659842 0.761288 0.0991251 0.109152 0.00928033
15 0.604127 0.615861 0.112213 0.113457 0.00898969
13 0.603699 0.616912 0.12184 0.146037 0.00840521
6 0.603781 0.616385 0.114496 0.122629 0.00833562
21 0.447036 0.608784 0.122004 0.112731 0.00786866
2 0.73752 0.638311 0.119729 0.147005 0.00764294
8 0.73752 0.638311 0.119729 0.147005 0.00736565
1 0.448503 0.610741 0.12741 0.123361 0.00717079
21 0.65962 0.761604 0.102448 0.110847 0.00706455
21 0.548628 0.756973 0.118922 0.113901 0.0068718
11 0.660263 0.760362 0.102958 0.108336 0.00680941
1 0.549816 0.756295 0.117013 0.113212 0.00650854
4 0.738455 0.638851 0.119642 0.148302 0.00637167
17 0.447555 0.611285 0.127923 0.121675 0.00630406
20 0.65962 0.761604 0.102448 0.110847 0.00607135
4 0.601356 0.615491 0.124145 0.152339 0.00606678
21 0.601499 0.613206 0.1566 0.16377 0.0059231
4 0.448503 0.610741 0.12741 0.123361 0.00585986
4 0.660656 0.760553 0.101322 0.108773 0.00582226
4 0.549816 0.756295 0.117013 0.113212 0.00563532
6 0.548628 0.756973 0.118922 0.113901 0.00540985
18 0.60126 0.616032 0.124507 0.164808 0.00538585
11 0.549816 0.756295 0.117013 0.113212 0.00521562
9 0.601768 0.617107 0.117105 0.150817 0.00502564
17 0.549816 0.756295 0.117013 0.113212 0.00495405
6 0.65962 0.761604 0.102448 0.110847 0.00489496
17 0.660263 0.760362 0.102958 0.108336 0.00486291
22 0.73752 0.638311 0.119729 0.147005 0.00468994
2 0.548628 0.756973 0.118922 0.113901 0.00463749
1 0.738455 0.638851 0.119642 0.148302 0.00455295
2 0.65962 0.761604 0.102448 0.110847 0.00435261
10 0.548707 0.76137 0.168631 0.136607 0.00433796
8 0.448503 0.610741 0.12741 0.123361 0.00433704
6 0.448224 0.610503 0.126031 0.118628 0.00424577
20 0.601356 0.615491 0.124145 0.152339 0.00417353
1 0.658056 0.760611 0.113481 0.112715 0.00416808
2 0.448124 0.610819 0.126851 0.120757 0.00415224
6 0.737617 0.638769 0.1176 0.143157 0.00413767
20 0.548628 0.756973 0.118922 0.113901 0.00412018
22 0.548628 0.756973 0.118922 0.113901 0.00408089
11 0.448503 0.610741 0.12741 0.123361 0.00404782
17 0.737617 0.638769 0.1176 0.143157 0.00392271
22 0.448503 0.610741 0.12741 0.123361 0.00389184
22 0.603781 0.615399 0.121325 0.16085 0.00380257
22 0.65962 0.761604 0.102448 0.110847 0.00372306
1 0.601356 0.615491 0.124145 0.152339 0.0035685
8 0.549816 0.756295 0.117013 0.113212 0.00349702
11 0.738455 0.638851 0.119642 0.148302 0.00344196
10 0.574523 0.607137 0.134065 0.138553 0.00332062
12 0.60126 0.616032 0.124507 0.164808 0.00329291
0 0.661635 0.76113 0.102922 0.106284 0.00311729
3 0.603304 0.616283 0.123652 0.144322 0.00283816
20 0.44838 0.609983 0.12449 0.121618 0.00280289
20 0.73752 0.638311 0.119729 0.147005 0.00278789
10 0.656577 0.767818 0.168469 0.139036 0.00263104
0 0.549816 0.756295 0.117013 0.113212 0.00259322
10 0.739611 0.670964 0.129103 0.22061 0.00256166
0 0.448223 0.610247 0.125551 0.120544 0.00246965
5 0.549816 0.756295 0.117013 0.113212 0.00244167
0 0.605507 0.618233 0.11851 0.147765 0.00222778
15 0.659816 0.76015 0.098276 0.107252 0.00219809
15 0.550691 0.756604 0.113408 0.110273 0.00210402
0 0.739082 0.63866 0.119755 0.143271 0.00209757
9 0.737617 0.638769 0.1176 0.143157 0.0020951
17 0.601356 0.615491 0.124145 0.152339 0.00208594
15 0.448224 0.610503 0.126031 0.118628 0.00207644
10 0.4558 0.610473 0.173223 0.147929 0.00205845
19 0.601768 0.617107 0.117105 0.150817 0.00201876
12 0.73752 0.638311 0.119729 0.147005 0.00197074
9 0.660263 0.760362 0.102958 0.108336 0.0019339
16 0.73752 0.638311 0.119729 0.147005 0.00191505
12 0.448503 0.610741 0.12741 0.123361 0.0019136
9 0.448503 0.610741 0.12741 0.123361 0.00190873
5 0.660263 0.760362 0.102958 0.108336 0.00189736
16 0.65962 0.761604 0.102448 0.110847 0.00186975
5 0.738455 0.638851 0.119642 0.148302 0.0018609
7 0.603699 0.616912 0.12184 0.146037 0.00186086
12 0.549816 0.756295 0.117013 0.113212 0.00185773
9 0.549816 0.756295 0.117013 0.113212 0.0018562
12 0.660263 0.760362 0.102958 0.108336 0.0018489
15 0.739046 0.637309 0.118333 0.140553 0.00184414
3 0.73752 0.638311 0.119729 0.147005 0.00178288
10 0.574971 0.615618 0.082988 0.154038 0.0017679
5 0.448503 0.610741 0.12741 0.123361 0.00172213
16 0.548628 0.756973 0.118922 0.113901 0.0016881
13 0.65962 0.761604 0.102448 0.110847 0.00168323
3 0.448503 0.610741 0.12741 0.123361 0.00166806
5 0.601356 0.615491 0.124145 0.152339 0.00166614
18 0.65962 0.761604 0.102448 0.110847 0.00164673
18 0.548628 0.756973 0.118922 0.113901 0.00159928
18 0.73752 0.638311 0.119729 0.147005 0.0015959
3 0.549816 0.756295 0.117013 0.113212 0.00155009
3 0.660263 0.760362 0.102958 0.108336 0.00150259
13 0.73752 0.638311 0.119729 0.147005 0.00146565
13 0.548628 0.756973 0.118922 0.113901 0.00144999
11 0.6027 0.61686 0.121344 0.14541 0.0014204
18 0.448503 0.610741 0.12741 0.123361 0.00141038
16 0.448503 0.610741 0.12741 0.123361 0.00139182
13 0.448503 0.610741 0.12741 0.123361 0.00130703
10 0.473344 0.60958 0.074446 0.122003 0.00122827
