5 0.502338 0.523184 0.234422 0.27624 0.907745
5 0.740296 0.468467 0.231488 0.400316 0.804784
0 0.502028 0.52416 0.24286 0.282808 0.0036183
4 0.502171 0.523205 0.240504 0.279794 0.00346974
19 0.502171 0.523205 0.240504 0.279794 0.00334749
8 0.502171 0.523205 0.240504 0.279794 0.0029804
1 0.502171 0.523205 0.240504 0.279794 0.00296388
14 0.502171 0.523205 0.240504 0.279794 0.00275395
6 0.502171 0.523205 0.240504 0.279794 0.00275168
1 0.740355 0.472087 0.232503 0.400721 0.00267328
18 0.502028 0.52416 0.24286 0.282808 0.00263497
19 0.740355 0.472087 0.232503 0.400721 0.00262817
7 0.502171 0.523205 0.240504 0.279794 0.00251274
10 0.502171 0.523205 0.240504 0.279794 0.00248864
14 0.740355 0.472087 0.232503 0.400721 0.00245914
6 0.740355 0.472087 0.232503 0.400721 0.00225418
4 0.740048 0.468766 0.238371 0.401636 0.00223031
20 0.502028 0.52416 0.24286 0.282808 0.00216358
13 0.502171 0.523205 0.240504 0.279794 0.00216196
5 0.916511 0.459363 0.164648 0.479609 0.00213568
11 0.502028 0.52416 0.24286 0.282808 0.00208689
18 0.740355 0.472087 0.232503 0.400721 0.00207537
0 0.740355 0.472087 0.232503 0.400721 0.00206155
22 0.502171 0.523205 0.240504 0.279794 0.00199313
7 0.740048 0.468766 0.238371 0.401636 0.00197842
11 0.740355 0.472087 0.232503 0.400721 0.00196577
10 0.740355 0.472087 0.232503 0.400721 0.00192424
8 0.740355 0.472087 0.232503 0.400721 0.00187547
16 0.502028 0.52416 0.24286 0.282808 0.00185814
9 0.502028 0.52416 0.24286 0.282808 0.00182254
12 0.502171 0.523205 0.240504 0.279794 0.00178732
20 0.740355 0.472087 0.232503 0.400721 0.00176326
15 0.502171 0.523205 0.240504 0.279794 0.00169232
17 0.502171 0.523205 0.240504 0.279794 0.00164904
2 0.502028 0.52416 0.24286 0.282808 0.0015981
3 0.502171 0.523205 0.240504 0.279794 0.00159249
13 0.740048 0.468766 0.238371 0.401636 0.00157918
21 0.502171 0.523205 0.240504 0.279794 0.00156943
16 0.740355 0.472087 0.232503 0.400721 0.00156527
22 0.740048 0.468766 0.238371 0.401636 0.00146478
12 0.740048 0.468766 0.238371 0.401636 0.00144304
15 0.740355 0.472087 0.232503 0.400721 0.00134426
9 0.740048 0.468766 0.238371 0.401636 0.00130484
21 0.740355 0.472087 0.232503 0.400721 0.00124603
2 0.740355 0.472087 0.232503 0.400721 0.00121746
17 0.740048 0.468766 0.238371 0.401636 0.00121224
3 0.740355 0.472087 0.232503 0.400721 0.00120096
