0 0.497923 0.48568 0.197318 0.191923 0.908763
0 0.248981 0.478728 0.197646 0.20671 0.0663389
22 0.247055 0.480598 0.168359 0.212604 0.0346277
1 0.248981 0.478728 0.197646 0.20671 0.0193833
1 0.498617 0.484474 0.207033 0.189225 0.0135321
18 0.246729 0.47931 0.170289 0.205633 0.0127295
17 0.498606 0.485945 0.208918 0.189661 0.0116937
18 0.498606 0.485945 0.208918 0.189661 0.00758121
5 0.498617 0.484474 0.207033 0.189225 0.00733003
14 0.498617 0.484474 0.207033 0.189225 0.0066614
22 0.498606 0.485945 0.208918 0.189661 0.00664104
3 0.498606 0.485945 0.208918 0.189661 0.00663791
11 0.498606 0.485945 0.208918 0.189661 0.00593427
20 0.498606 0.485945 0.208918 0.189661 0.00499178
8 0.498617 0.484474 0.207033 0.189225 0.00486634
4 0.498606 0.485945 0.208918 0.189661 0.00438231
6 0.498606 0.485945 0.208918 0.189661 0.00423264
2 0.498617 0.484474 0.207033 0.189225 0.00402071
13 0.498617 0.484474 0.207033 0.189225 0.00393842
12 0.498617 0.484474 0.207033 0.189225 0.00371376
9 0.498617 0.484474 0.207033 0.189225 0.00357245
10 0.498617 0.484474 0.207033 0.189225 0.00347303
21 0.498617 0.484474 0.207033 0.189225 0.0034724
15 0.498617 0.484474 0.207033 0.189225 0.00337553
16 0.498617 0.484474 0.207033 0.189225 0.00330124
19 0.498617 0.484474 0.207033 0.189225 0.00315412
7 0.498617 0.484474 0.207033 0.189225 0.00235672
3 0.248981 0.478728 0.197646 0.20671 0.00221528
11 0.248981 0.478728 0.197646 0.20671 0.001711
4 0.248981 0.478728 0.197646 0.20671 0.00162838
17 0.248981 0.478728 0.197646 0.20671 0.00154578
20 0.248981 0.478728 0.197646 0.20671 0.00128778
2 0.24861 0.47984 0.199804 0.20173 0.00121832
0 0.593175 0.318083 0.122202 0.128025 0.00111879
