5 0.432469 0.721171 0.24072 0.290137 0.886398
5 0.66977 0.724247 0.245955 0.271415 0.415909
6 0.674995 0.72505 0.254095 0.282189 0.0396883
1 0.432934 0.721769 0.243878 0.298528 0.00539089
4 0.432092 0.721788 0.245309 0.29407 0.0042069
14 0.432934 0.721769 0.243878 0.298528 0.00360906
19 0.432092 0.721788 0.245309 0.29407 0.00350356
10 0.432934 0.721769 0.243878 0.298528 0.00331669
8 0.432092 0.721788 0.245309 0.29407 0.00293384
19 0.670561 0.725218 0.250417 0.281299 0.00291421
7 0.432092 0.721788 0.245309 0.29407 0.00286532
6 0.432934 0.721769 0.243878 0.298528 0.00271629
18 0.432092 0.721788 0.245309 0.29407 0.00265571
11 0.432934 0.721769 0.243878 0.298528 0.00263099
17 0.432934 0.721769 0.243878 0.298528 0.00247491
1 0.669562 0.724839 0.249657 0.27046 0.0024662
0 0.432934 0.721769 0.243878 0.298528 0.0024072
22 0.432092 0.721788 0.245309 0.29407 0.00214893
13 0.432092 0.721788 0.245309 0.29407 0.00210906
10 0.673271 0.723311 0.25179 0.274358 0.00206592
20 0.432934 0.721769 0.243878 0.298528 0.00206202
15 0.432092 0.721788 0.245309 0.29407 0.00202404
16 0.432934 0.721769 0.243878 0.298528 0.00192061
4 0.669817 0.724234 0.248947 0.273148 0.00188638
14 0.669817 0.724234 0.248947 0.273148 0.00185096
12 0.432092 0.721788 0.245309 0.29407 0.00181059
21 0.432092 0.721788 0.245309 0.29407 0.00171799
3 0.432092 0.721788 0.245309 0.29407 0.00166543
9 0.432092 0.721788 0.245309 0.29407 0.00164996
2 0.432934 0.721769 0.243878 0.298528 0.00159892
8 0.669817 0.724234 0.248947 0.273148 0.00157422
7 0.669817 0.724234 0.248947 0.273148 0.00153302
11 0.673271 0.723311 0.25179 0.274358 0.00152445
13 0.674759 0.725014 0.25137 0.26234 0.00146467
0 0.669817 0.724234 0.248947 0.273148 0.001403
22 0.669817 0.724234 0.248947 0.273148 0.00134839
17 0.669817 0.724234 0.248947 0.273148 0.00130774
18 0.673271 0.723311 0.25179 0.274358 0.00126591
0 0.367681 0.796657 0.735362 0.406685 0.00119698
15 0.673271 0.723311 0.25179 0.274358 0.00111073
12 0.669817 0.724234 0.248947 0.273148 0.00109433
16 0.669817 0.724234 0.248947 0.273148 0.00101324
20 0.669817 0.724234 0.248947 0.273148 0.00100801
