7 0.451451 0.701434 0.225683 0.26603 0.735955
7 0.42995 0.710409 0.158001 0.223322 0.406038
1 0.429181 0.711454 0.161589 0.232379 0.0419817
17 0.452336 0.698133 0.220347 0.259282 0.0229417
14 0.459573 0.69759 0.239942 0.27524 0.0228222
15 0.429181 0.711454 0.161589 0.232379 0.0173439
22 0.436804 0.710923 0.176486 0.243345 0.0166034
16 0.429181 0.711454 0.161589 0.232379 0.0118694
14 0.42995 0.710409 0.158001 0.223322 0.009891
5 0.452336 0.698133 0.220347 0.259282 0.00834672
15 0.459573 0.69759 0.239942 0.27524 0.00820085
13 0.452336 0.698133 0.220347 0.259282 0.00658696
16 0.459573 0.69759 0.239942 0.27524 0.00531895
1 0.456187 0.696378 0.238478 0.265796 0.00503103
19 0.452336 0.698133 0.220347 0.259282 0.00430736
18 0.434451 0.710968 0.163965 0.241534 0.00423533
3 0.452336 0.698133 0.220347 0.259282 0.0038972
4 0.429301 0.711595 0.159068 0.234292 0.00299256
21 0.429181 0.711454 0.161589 0.232379 0.00294036
6 0.452336 0.698133 0.220347 0.259282 0.00252808
2 0.452336 0.698133 0.220347 0.259282 0.00246626
9 0.452336 0.698133 0.220347 0.259282 0.00214845
0 0.452336 0.698133 0.220347 0.259282 0.00168802
21 0.459573 0.69759 0.239942 0.27524 0.0016814
8 0.452336 0.698133 0.220347 0.259282 0.0016601
12 0.452336 0.698133 0.220347 0.259282 0.00160019
11 0.452336 0.698133 0.220347 0.259282 0.0013636
4 0.460193 0.696065 0.238608 0.273714 0.00103403
20 0.436804 0.710923 0.176486 0.243345 0.00103291
