4 0.548643 0.761101 0.142895 0.208272 0.878768
4 0.351818 0.78082 0.147417 0.160439 0.747403
19 0.547753 0.759125 0.142522 0.206924 0.015373
5 0.549429 0.761001 0.148361 0.194808 0.0121929
5 0.3546 0.78189 0.155903 0.146856 0.010257
22 0.548865 0.760699 0.142531 0.207132 0.00955327
13 0.549175 0.761184 0.142356 0.202081 0.00891001
8 0.354106 0.781827 0.154399 0.150774 0.00563927
8 0.549677 0.760426 0.149555 0.194303 0.00527048
19 0.354106 0.781827 0.154399 0.150774 0.00494572
14 0.354106 0.781827 0.154399 0.150774 0.00407478
1 0.354106 0.781827 0.154399 0.150774 0.00388723
17 0.3546 0.78189 0.155903 0.146856 0.00386871
0 0.354106 0.781827 0.154399 0.150774 0.00386427
22 0.354106 0.781827 0.154399 0.150774 0.00355194
2 0.549429 0.761001 0.148361 0.194808 0.00337392
1 0.549677 0.760426 0.149555 0.194303 0.00333156
16 0.550081 0.76114 0.142832 0.205462 0.00311016
15 0.549429 0.761001 0.148361 0.194808 0.00304859
2 0.354106 0.781827 0.154399 0.150774 0.00300881
20 0.549429 0.761001 0.148361 0.194808 0.00300073
20 0.354106 0.781827 0.154399 0.150774 0.00291842
7 0.548865 0.760699 0.142531 0.207132 0.00279118
10 0.354106 0.781827 0.154399 0.150774 0.00277185
16 0.354106 0.781827 0.154399 0.150774 0.00275723
0 0.549429 0.761001 0.148361 0.194808 0.00275174
14 0.549677 0.760426 0.149555 0.194303 0.0026566
15 0.354106 0.781827 0.154399 0.150774 0.00264196
18 0.549429 0.761001 0.148361 0.194808 0.00257325
10 0.549677 0.760426 0.149555 0.194303 0.00239194
21 0.549148 0.760017 0.143021 0.207176 0.00236586
3 0.547753 0.759125 0.142522 0.206924 0.00234183
17 0.549429 0.761001 0.148361 0.194808 0.00229306
9 0.549429 0.761001 0.148361 0.194808 0.00220061
12 0.354106 0.781827 0.154399 0.150774 0.00209403
18 0.354106 0.781827 0.154399 0.150774 0.00209248
12 0.549429 0.761001 0.148361 0.194808 0.00205439
9 0.354106 0.781827 0.154399 0.150774 0.00202657
11 0.549677 0.760426 0.149555 0.194303 0.00201411
13 0.3546 0.78189 0.155903 0.146856 0.00189248
6 0.549429 0.761001 0.148361 0.194808 0.00179586
11 0.354106 0.781827 0.154399 0.150774 0.00178064
21 0.354106 0.781827 0.154399 0.150774 0.0017255
7 0.3546 0.78189 0.155903 0.146856 0.00158907
6 0.354106 0.781827 0.154399 0.150774 0.00158623
5 0.786757 0.26923 0.126031 0.320131 0.00155043
3 0.3546 0.78189 0.155903 0.146856 0.00136326
