4 0.481582 0.542406 0.201943 0.337582 0.880762
4 0.256545 0.53274 0.187259 0.323068 0.867294
4 0.704387 0.553761 0.23734 0.342482 0.842883
4 0.910864 0.520206 0.173045 0.30967 0.145431
8 0.912189 0.520969 0.170497 0.315139 0.0807431
8 0.705236 0.554139 0.239768 0.325765 0.0121632
1 0.258241 0.53331 0.189633 0.310222 0.0118894
5 0.707356 0.554095 0.232894 0.332965 0.0112792
8 0.481746 0.542953 0.205502 0.324637 0.0110025
1 0.482562 0.542648 0.201394 0.326639 0.0105982
1 0.705236 0.554139 0.239768 0.325765 0.0105674
8 0.257126 0.53379 0.193099 0.315936 0.00907508
5 0.481746 0.542953 0.205502 0.324637 0.0083438
19 0.481863 0.544032 0.207112 0.326745 0.00833865
19 0.705236 0.554139 0.239768 0.325765 0.00815776
19 0.257126 0.53379 0.193099 0.315936 0.00715773
5 0.257126 0.53379 0.193099 0.315936 0.00702896
17 0.257126 0.53379 0.193099 0.315936 0.00598239
15 0.481746 0.542953 0.205502 0.324637 0.00547299
5 0.910864 0.520206 0.173045 0.30967 0.00536963
2 0.481746 0.542953 0.205502 0.324637 0.00514642
15 0.257126 0.53379 0.193099 0.315936 0.00514428
17 0.481746 0.542953 0.205502 0.324637 0.0051394
14 0.481746 0.542953 0.205502 0.324637 0.005011
2 0.257126 0.53379 0.193099 0.315936 0.00490177
10 0.257126 0.53379 0.193099 0.315936 0.00484745
14 0.257126 0.53379 0.193099 0.315936 0.00464118
10 0.481863 0.544032 0.207112 0.326745 0.00449276
20 0.481863 0.544032 0.207112 0.326745 0.0044822
2 0.705236 0.554139 0.239768 0.325765 0.00439993
20 0.257126 0.53379 0.193099 0.315936 0.00428808
22 0.258241 0.53331 0.189633 0.310222 0.00418655
0 0.258241 0.53331 0.189633 0.310222 0.00411637
15 0.705236 0.554139 0.239768 0.325765 0.00409617
1 0.912189 0.520969 0.170497 0.315139 0.00406206
17 0.705236 0.554139 0.239768 0.325765 0.0039762
14 0.707356 0.554095 0.232894 0.332965 0.00392671
22 0.481863 0.544032 0.207112 0.326745 0.00386064
16 0.257126 0.53379 0.193099 0.315936 0.00371021
20 0.707356 0.554095 0.232894 0.332965 0.00367846
22 0.705236 0.554139 0.239768 0.325765 0.0036046
18 0.258241 0.53331 0.189633 0.310222 0.00358413
16 0.481863 0.544032 0.207112 0.326745 0.00358154
10 0.705236 0.554139 0.239768 0.325765 0.00357466
18 0.481863 0.544032 0.207112 0.326745 0.00343173
16 0.705236 0.554139 0.239768 0.325765 0.003308
0 0.481746 0.542953 0.205502 0.324637 0.00315352
18 0.705236 0.554139 0.239768 0.325765 0.00310976
0 0.705236 0.554139 0.239768 0.325765 0.00298399
21 0.481863 0.544032 0.207112 0.326745 0.00274641
19 0.910864 0.520206 0.173045 0.30967 0.00272175
21 0.257126 0.53379 0.193099 0.315936 0.00269621
3 0.482562 0.542648 0.201394 0.326639 0.00268142
11 0.481746 0.542953 0.205502 0.324637 0.0026663
12 0.258241 0.53331 0.189633 0.310222 0.00261918
11 0.257126 0.53379 0.193099 0.315936 0.0026027
3 0.258241 0.53331 0.189633 0.310222 0.0025985
12 0.481746 0.542953 0.205502 0.324637 0.00255651
12 0.705236 0.554139 0.239768 0.325765 0.00239054
6 0.481746 0.542953 0.205502 0.324637 0.0023881
6 0.258241 0.53331 0.189633 0.310222 0.00231705
9 0.257126 0.53379 0.193099 0.315936 0.00229693
9 0.481746 0.542953 0.205502 0.324637 0.00228465
21 0.705236 0.554139 0.239768 0.325765 0.00227026
11 0.705236 0.554139 0.239768 0.325765 0.00226085
3 0.705236 0.554139 0.239768 0.325765 0.00216553
10 0.912189 0.520969 0.170497 0.315139 0.00213458
13 0.481746 0.542953 0.205502 0.324637 0.00208812
9 0.705236 0.554139 0.239768 0.325765 0.00201292
13 0.258241 0.53331 0.189633 0.310222 0.0020117
22 0.912189 0.520969 0.170497 0.315139 0.0019651
6 0.705236 0.554139 0.239768 0.325765 0.00192785
13 0.705236 0.554139 0.239768 0.325765 0.0019225
7 0.258241 0.53331 0.189633 0.310222 0.00188502
7 0.482562 0.542648 0.201394 0.326639 0.00173931
11 0.912189 0.520969 0.170497 0.315139 0.00164751
7 0.707356 0.554095 0.232894 0.332965 0.00160668
14 0.912189 0.520969 0.170497 0.315139 0.00150428
17 0.910864 0.520206 0.173045 0.30967 0.00139616
2 0.912189 0.520969 0.170497 0.315139 0.00130183
0 0.912189 0.520969 0.170497 0.315139 0.00110134
15 0.910864 0.520206 0.173045 0.30967 0.00107781
