5 0.430605 0.806481 0.250032 0.373676 0.835427
5 0.483846 0.348499 0.524347 0.529786 0.784835
1 0.489033 0.333817 0.511228 0.561026 0.0216187
7 0.486611 0.345954 0.513058 0.554334 0.00907995
5 0.486693 0.320859 0.33745 0.497401 0.00734244
22 0.486611 0.345954 0.513058 0.554334 0.00412619
1 0.430365 0.807215 0.262962 0.377275 0.00370688
14 0.483846 0.348499 0.524347 0.529786 0.00352248
14 0.429925 0.805748 0.256679 0.380542 0.00318717
4 0.429925 0.805748 0.256679 0.380542 0.00305079
11 0.430365 0.807215 0.262962 0.377275 0.00270267
19 0.429925 0.805748 0.256679 0.380542 0.00255834
10 0.430365 0.807215 0.262962 0.377275 0.00255124
6 0.430365 0.807215 0.262962 0.377275 0.00233699
7 0.429925 0.805748 0.256679 0.380542 0.00233582
8 0.430365 0.807215 0.262962 0.377275 0.00231887
4 0.486611 0.345954 0.513058 0.554334 0.00231332
8 0.486611 0.345954 0.513058 0.554334 0.0022677
19 0.486611 0.345954 0.513058 0.554334 0.00215291
17 0.430365 0.807215 0.262962 0.377275 0.00211693
18 0.429925 0.805748 0.256679 0.380542 0.00209878
0 0.430365 0.807215 0.262962 0.377275 0.0020879
3 0.486611 0.345954 0.513058 0.554334 0.00203056
22 0.430365 0.807215 0.262962 0.377275 0.00192063
5 0.487058 0.483448 0.580053 0.318457 0.00182077
13 0.429925 0.805748 0.256679 0.380542 0.00158786
16 0.429925 0.805748 0.256679 0.380542 0.00154641
15 0.490644 0.332503 0.500654 0.602416 0.00153808
20 0.429925 0.805748 0.256679 0.380542 0.00152506
12 0.429925 0.805748 0.256679 0.380542 0.00149498
6 0.486611 0.345954 0.513058 0.554334 0.00141918
2 0.486611 0.345954 0.513058 0.554334 0.00139448
15 0.429925 0.805748 0.256679 0.380542 0.00139175
21 0.429925 0.805748 0.256679 0.380542 0.00133442
13 0.486611 0.345954 0.513058 0.554334 0.00132308
9 0.430365 0.807215 0.262962 0.377275 0.00131853
18 0.486611 0.345954 0.513058 0.554334 0.00127682
2 0.430365 0.807215 0.262962 0.377275 0.00126526
3 0.430365 0.807215 0.262962 0.377275 0.0012401
9 0.484276 0.348322 0.521256 0.512902 0.00110048
21 0.486611 0.345954 0.513058 0.554334 0.00107663
20 0.486611 0.345954 0.513058 0.554334 0.00105984
12 0.486611 0.345954 0.513058 0.554334 0.00105686
10 0.486611 0.345954 0.513058 0.554334 0.00102297
