0 0.722244 0.492207 0.169775 0.187661 0.933479
0 0.945826 0.580248 0.108347 0.162466 0.926261
0 0.462532 0.646343 0.172356 0.156958 0.894944
11 0.884641 0.46495 0.21912 0.393983 0.249184
7 0.462346 0.548815 0.414265 0.497088 0.210107
11 0.460352 0.541044 0.448216 0.449028 0.180505
17 0.460922 0.636474 0.194034 0.177046 0.118185
19 0.46614 0.545724 0.415983 0.479543 0.0396872
13 0.465408 0.552772 0.431688 0.464059 0.0278453
11 0.942826 0.568964 0.112899 0.178064 0.0225712
3 0.462346 0.548815 0.414265 0.497088 0.0158545
5 0.46614 0.545724 0.415983 0.479543 0.0148207
17 0.484741 0.570613 0.439672 0.494227 0.012109
14 0.460922 0.636474 0.194034 0.177046 0.0119218
17 0.722932 0.490543 0.182425 0.186072 0.0114182
5 0.462029 0.646708 0.17924 0.162284 0.0110872
1 0.46377 0.645829 0.183521 0.160752 0.00976807
7 0.460922 0.636474 0.194034 0.177046 0.00912973
5 0.722932 0.490543 0.182425 0.186072 0.00868903
1 0.94416 0.580252 0.111681 0.16537 0.0081567
20 0.462346 0.548815 0.414265 0.497088 0.00794005
1 0.722728 0.491275 0.18266 0.185453 0.00786513
14 0.722932 0.490543 0.182425 0.186072 0.00785451
22 0.46377 0.645829 0.183521 0.160752 0.0075085
18 0.722728 0.491275 0.18266 0.185453 0.00724883
11 0.722932 0.490543 0.182425 0.186072 0.00719623
17 0.888748 0.47648 0.21454 0.348729 0.00703908
3 0.722728 0.491275 0.18266 0.185453 0.00695702
5 0.885641 0.468993 0.22122 0.360692 0.00691124
19 0.460922 0.636474 0.194034 0.177046 0.00652431
13 0.460922 0.636474 0.194034 0.177046 0.00649603
11 0.462029 0.646708 0.17924 0.162284 0.00641092
22 0.722728 0.491275 0.18266 0.185453 0.00635336
18 0.462029 0.646708 0.17924 0.162284 0.00630402
3 0.46377 0.645829 0.183521 0.160752 0.00624798
16 0.465856 0.551587 0.436803 0.470342 0.00591336
11 0.385308 0.539612 0.268949 0.44048 0.00586266
11 0.971996 0.331435 0.054587 0.157864 0.00583545
22 0.462346 0.548815 0.414265 0.497088 0.00558823
17 0.944691 0.57957 0.110618 0.161842 0.00556483
8 0.46377 0.645829 0.183521 0.160752 0.00532275
11 0.980744 0.382327 0.0373089 0.140335 0.00531393
20 0.722932 0.490543 0.182425 0.186072 0.00508985
20 0.46377 0.645829 0.183521 0.160752 0.0050689
8 0.722728 0.491275 0.18266 0.185453 0.0048238
4 0.462029 0.646708 0.17924 0.162284 0.00478976
4 0.722317 0.49222 0.180378 0.183871 0.00452247
6 0.722728 0.491275 0.18266 0.185453 0.00438496
6 0.462029 0.646708 0.17924 0.162284 0.00434858
6 0.462346 0.548815 0.414265 0.497088 0.00431422
18 0.944691 0.57957 0.110618 0.161842 0.00425084
2 0.722728 0.491275 0.18266 0.185453 0.00419428
10 0.462029 0.646708 0.17924 0.162284 0.00407677
13 0.722728 0.491275 0.18266 0.185453 0.00401982
2 0.46377 0.645829 0.183521 0.160752 0.00394605
12 0.462029 0.646708 0.17924 0.162284 0.00394043
14 0.462346 0.548815 0.414265 0.497088 0.00391994
15 0.460922 0.636474 0.194034 0.177046 0.00384409
12 0.722932 0.490543 0.182425 0.186072 0.00380394
19 0.722932 0.490543 0.182425 0.186072 0.00368216
9 0.46377 0.645829 0.183521 0.160752 0.00366268
22 0.944391 0.579355 0.111217 0.163401 0.00365122
15 0.722728 0.491275 0.18266 0.185453 0.0036498
9 0.722728 0.491275 0.18266 0.185453 0.00360923
8 0.944691 0.57957 0.110618 0.161842 0.00359634
16 0.46377 0.645829 0.183521 0.160752 0.00351546
2 0.462346 0.548815 0.414265 0.497088 0.00349406
21 0.722932 0.490543 0.182425 0.186072 0.00345253
10 0.722932 0.490543 0.182425 0.186072 0.00344738
21 0.462346 0.548815 0.414265 0.497088 0.00330307
16 0.722932 0.490543 0.182425 0.186072 0.00330136
21 0.46377 0.645829 0.183521 0.160752 0.00323812
14 0.944391 0.579355 0.111217 0.163401 0.00322807
11 0.988765 0.395294 0.0224707 0.132415 0.00322491
20 0.944691 0.57957 0.110618 0.161842 0.00320318
15 0.462346 0.548815 0.414265 0.497088 0.00304713
4 0.944691 0.57957 0.110618 0.161842 0.00302353
3 0.944391 0.579355 0.111217 0.163401 0.00294923
5 0.944391 0.579355 0.111217 0.163401 0.00270254
2 0.944391 0.579355 0.111217 0.163401 0.00269901
18 0.462346 0.548815 0.414265 0.497088 0.00258004
10 0.888748 0.47648 0.21454 0.348729 0.00256411
6 0.944691 0.57957 0.110618 0.161842 0.00255293
10 0.944391 0.579355 0.111217 0.163401 0.00253356
4 0.46614 0.545724 0.415983 0.479543 0.00244351
19 0.944691 0.57957 0.110618 0.161842 0.00242413
16 0.944391 0.579355 0.111217 0.163401 0.00236025
20 0.888748 0.47648 0.21454 0.348729 0.00235623
12 0.944691 0.57957 0.110618 0.161842 0.00233135
7 0.722728 0.491275 0.18266 0.185453 0.00232505
9 0.944691 0.57957 0.110618 0.161842 0.00229899
15 0.944391 0.579355 0.111217 0.163401 0.00227807
11 0.971662 0.393226 0.0566766 0.153058 0.00227127
9 0.462346 0.548815 0.414265 0.497088 0.00221356
0 0.484741 0.570613 0.439672 0.494227 0.00216999
21 0.944391 0.579355 0.111217 0.163401 0.00213409
1 0.462346 0.548815 0.414265 0.497088 0.00213171
13 0.944391 0.579355 0.111217 0.163401 0.00209845
8 0.459479 0.54131 0.426909 0.48592 0.00205619
11 0.982291 0.418011 0.0338148 0.142552 0.00203511
14 0.888748 0.47648 0.21454 0.348729 0.00196377
11 0.909852 0.548041 0.180296 0.242136 0.00193071
12 0.462346 0.548815 0.414265 0.497088 0.00193021
0 0.888748 0.47648 0.21454 0.348729 0.00191424
1 0.888748 0.47648 0.21454 0.348729 0.00189864
7 0.944391 0.579355 0.111217 0.163401 0.00188409
3 0.885641 0.468993 0.22122 0.360692 0.00187153
11 0.970974 0.282957 0.0566465 0.147174 0.00142243
10 0.459479 0.54131 0.426909 0.48592 0.00134541
0 0.455828 0.645548 0.0950552 0.147135 0.00131769
6 0.888748 0.47648 0.21454 0.348729 0.00131062
15 0.888748 0.47648 0.21454 0.348729 0.00111957
11 0.987563 0.358929 0.024593 0.131184 0.00108223
19 0.888748 0.47648 0.21454 0.348729 0.00101095
