1 0.446742 0.700592 0.349293 0.322256 0.929145
1 0.809295 0.703492 0.287166 0.283308 0.875532
17 0.808808 0.696553 0.281889 0.28048 0.00858367
11 0.169419 0.934221 0.109704 0.1153 0.0050229
0 0.809153 0.702271 0.288698 0.28066 0.00477868
17 0.444342 0.700728 0.351973 0.323698 0.00453214
22 0.809153 0.702271 0.288698 0.28066 0.00449857
22 0.445881 0.701295 0.346084 0.320222 0.00401248
4 0.445881 0.701295 0.346084 0.320222 0.00394981
4 0.809153 0.702271 0.288698 0.28066 0.00384982
18 0.808263 0.700831 0.282043 0.277502 0.00375538
7 0.445881 0.701295 0.346084 0.320222 0.00371189
18 0.445881 0.701295 0.346084 0.320222 0.00369149
2 0.445881 0.701295 0.346084 0.320222 0.00362437
3 0.445881 0.701295 0.346084 0.320222 0.00353531
15 0.445881 0.701295 0.346084 0.320222 0.00353343
0 0.445881 0.701295 0.346084 0.320222 0.00349671
14 0.445881 0.701295 0.346084 0.320222 0.00340541
3 0.809153 0.702271 0.288698 0.28066 0.00335159
7 0.808263 0.700831 0.282043 0.277502 0.00333689
1 0.44205 0.702922 0.169153 0.312366 0.00324643
2 0.809153 0.702271 0.288698 0.28066 0.00315842
1 0.809712 0.703636 0.170306 0.281315 0.0031378
5 0.444342 0.700728 0.351973 0.323698 0.00311395
5 0.808263 0.700831 0.282043 0.277502 0.00302704
8 0.444342 0.700728 0.351973 0.323698 0.00281806
8 0.809153 0.702271 0.288698 0.28066 0.00265456
15 0.808263 0.700831 0.282043 0.277502 0.00260942
11 0.809153 0.702271 0.288698 0.28066 0.00256411
21 0.445881 0.701295 0.346084 0.320222 0.00247166
14 0.808263 0.700831 0.282043 0.277502 0.00238451
6 0.445881 0.701295 0.346084 0.320222 0.00217521
6 0.809153 0.702271 0.288698 0.28066 0.00216873
20 0.808263 0.700831 0.282043 0.277502 0.00209939
21 0.809153 0.702271 0.288698 0.28066 0.00204888
16 0.445881 0.701295 0.346084 0.320222 0.00204372
12 0.445881 0.701295 0.346084 0.320222 0.00200748
16 0.809153 0.702271 0.288698 0.28066 0.00199764
20 0.445881 0.701295 0.346084 0.320222 0.00196587
19 0.808263 0.700831 0.282043 0.277502 0.00195846
10 0.808263 0.700831 0.282043 0.277502 0.00192314
11 0.444342 0.700728 0.351973 0.323698 0.00192032
12 0.809153 0.702271 0.288698 0.28066 0.00191102
9 0.809153 0.702271 0.288698 0.28066 0.00176363
19 0.445881 0.701295 0.346084 0.320222 0.00176268
13 0.808263 0.700831 0.282043 0.277502 0.00170654
13 0.445881 0.701295 0.346084 0.320222 0.00169559
10 0.445881 0.701295 0.346084 0.320222 0.00169133
9 0.445881 0.701295 0.346084 0.320222 0.00166001
