14 0.486927 0.507193 0.277238 0.303612 0.906352
14 0.177976 0.548452 0.290951 0.309747 0.030507
10 0.17861 0.549141 0.273163 0.299136 0.0185465
10 0.486016 0.508168 0.283215 0.297521 0.0143205
5 0.486016 0.508168 0.283215 0.297521 0.00984707
11 0.486016 0.508168 0.283215 0.297521 0.0086318
15 0.486918 0.506731 0.285402 0.297946 0.0072888
8 0.486016 0.508168 0.283215 0.297521 0.007033
21 0.486918 0.506731 0.285402 0.297946 0.00675499
1 0.486918 0.506731 0.285402 0.297946 0.00523134
0 0.486016 0.508168 0.283215 0.297521 0.00508318
20 0.486016 0.508168 0.283215 0.297521 0.00474261
14 0.484742 0.508186 0.172303 0.284807 0.00436418
22 0.486918 0.506731 0.285402 0.297946 0.00436115
17 0.486016 0.508168 0.283215 0.297521 0.00420533
7 0.486918 0.506731 0.285402 0.297946 0.00398208
4 0.486918 0.506731 0.285402 0.297946 0.00370477
6 0.486016 0.508168 0.283215 0.297521 0.00364312
13 0.486016 0.508168 0.283215 0.297521 0.00361211
2 0.486016 0.508168 0.283215 0.297521 0.00352994
3 0.486016 0.508168 0.283215 0.297521 0.00323555
18 0.486918 0.506731 0.285402 0.297946 0.00313661
12 0.486918 0.506731 0.285402 0.297946 0.00298704
16 0.486918 0.506731 0.285402 0.297946 0.00263389
19 0.486016 0.508168 0.283215 0.297521 0.00218114
9 0.486016 0.508168 0.283215 0.297521 0.00216652
11 0.179937 0.549775 0.289315 0.307859 0.00194388
17 0.179937 0.549775 0.289315 0.307859 0.00188283
