5 0.564223 0.595979 0.22179 0.292505 0.859664
5 0.372497 0.613087 0.182056 0.25772 0.83699
1 0.564275 0.595342 0.225537 0.291913 0.00446712
1 0.37179 0.612898 0.188999 0.264097 0.00401004
0 0.37179 0.612898 0.188999 0.264097 0.00400937
4 0.37144 0.612816 0.189052 0.259572 0.00392515
0 0.56467 0.59572 0.224141 0.296575 0.00352614
4 0.564275 0.595342 0.225537 0.291913 0.00351287
10 0.37144 0.612816 0.189052 0.259572 0.00335384
8 0.564275 0.595342 0.225537 0.291913 0.00332668
19 0.564275 0.595342 0.225537 0.291913 0.00330469
11 0.37144 0.612816 0.189052 0.259572 0.00330406
14 0.37179 0.612898 0.188999 0.264097 0.00319496
19 0.37144 0.612816 0.189052 0.259572 0.00318534
14 0.564275 0.595342 0.225537 0.291913 0.0031001
6 0.37144 0.612816 0.189052 0.259572 0.00306857
8 0.37144 0.612816 0.189052 0.259572 0.00302771
10 0.564275 0.595342 0.225537 0.291913 0.00297124
18 0.37179 0.612898 0.188999 0.264097 0.00273003
11 0.564275 0.595342 0.225537 0.291913 0.00265409
18 0.56467 0.59572 0.224141 0.296575 0.0026384
6 0.564275 0.595342 0.225537 0.291913 0.00262642
7 0.564275 0.595342 0.225537 0.291913 0.00248317
7 0.37144 0.612816 0.189052 0.259572 0.00238839
13 0.37144 0.612816 0.189052 0.259572 0.00225674
20 0.37144 0.612816 0.189052 0.259572 0.00219465
22 0.37144 0.612816 0.189052 0.259572 0.00213552
22 0.564275 0.595342 0.225537 0.291913 0.00213521
13 0.56467 0.59572 0.224141 0.296575 0.00211838
17 0.37144 0.612816 0.189052 0.259572 0.00207471
9 0.37144 0.612816 0.189052 0.259572 0.00198999
12 0.37144 0.612816 0.189052 0.259572 0.0019777
16 0.37144 0.612816 0.189052 0.259572 0.00194901
20 0.564275 0.595342 0.225537 0.291913 0.00193824
17 0.564275 0.595342 0.225537 0.291913 0.0019267
21 0.37179 0.612898 0.188999 0.264097 0.00185672
15 0.37179 0.612898 0.188999 0.264097 0.00182384
16 0.564275 0.595342 0.225537 0.291913 0.00179486
9 0.564275 0.595342 0.225537 0.291913 0.00179068
12 0.564275 0.595342 0.225537 0.291913 0.00178332
3 0.37144 0.612816 0.189052 0.259572 0.00173462
15 0.564275 0.595342 0.225537 0.291913 0.00173299
2 0.37144 0.612816 0.189052 0.259572 0.00171992
21 0.56467 0.59572 0.224141 0.296575 0.0016398
2 0.564275 0.595342 0.225537 0.291913 0.00162681
3 0.564275 0.595342 0.225537 0.291913 0.00161443
5 0.142756 0.0321548 0.111275 0.0643096 0.00134984
