17 0.721383 0.59712 0.536833 0.321329 0.160289
17 0.630629 0.608056 0.356192 0.289129 0.0664111
17 0.577385 0.633356 0.280401 0.254603 0.00919262
7 0.721383 0.59712 0.536833 0.321329 0.00839841
11 0.733266 0.583354 0.533467 0.356512 0.00691951
22 0.721383 0.59712 0.536833 0.321329 0.00384574
14 0.724087 0.597144 0.551826 0.331719 0.00239801
8 0.721383 0.59712 0.536833 0.321329 0.00192502
10 0.725855 0.594601 0.54829 0.348322 0.00167641
1 0.278431 0.639457 0.162343 0.187096 0.00156903
17 0.568768 0.572591 0.329462 0.316255 0.00151361
5 0.630629 0.608056 0.356192 0.289129 0.00142043
17 0.64063 0.672047 0.35006 0.17287 0.00126752
19 0.721383 0.59712 0.536833 0.321329 0.00118116
5 0.721383 0.59712 0.536833 0.321329 0.00109124
