1 0.293742 0.173396 0.292962 0.297739 0.80443
5 0.508473 0.533999 0.238536 0.308064 0.0684804
11 0.510792 0.525664 0.232124 0.301127 0.00618585
17 0.293367 0.174278 0.29475 0.300232 0.00511817
22 0.29326 0.174217 0.296425 0.297139 0.00429908
4 0.293367 0.174278 0.29475 0.300232 0.00412121
0 0.293367 0.174278 0.29475 0.300232 0.00393193
5 0.293367 0.174278 0.29475 0.300232 0.00341832
18 0.293367 0.174278 0.29475 0.300232 0.00306453
2 0.293367 0.174278 0.29475 0.300232 0.00305731
7 0.29326 0.174217 0.296425 0.297139 0.00304421
3 0.29326 0.174217 0.296425 0.297139 0.00297488
8 0.293367 0.174278 0.29475 0.300232 0.00271368
1 0.287826 0.171457 0.168707 0.286309 0.00251835
11 0.293367 0.174278 0.29475 0.300232 0.00235675
15 0.29326 0.174217 0.296425 0.297139 0.00235113
10 0.293367 0.174278 0.29475 0.300232 0.00225705
14 0.293367 0.174278 0.29475 0.300232 0.00206382
6 0.29326 0.174217 0.296425 0.297139 0.00205159
21 0.29326 0.174217 0.296425 0.297139 0.00195967
16 0.293367 0.174278 0.29475 0.300232 0.00190171
12 0.29326 0.174217 0.296425 0.297139 0.00186734
20 0.293367 0.174278 0.29475 0.300232 0.00185811
9 0.293367 0.174278 0.29475 0.300232 0.00157753
19 0.293367 0.174278 0.29475 0.300232 0.00156562
13 0.293367 0.174278 0.29475 0.300232 0.00147425
1 0.506509 0.534526 0.255933 0.316919 0.0014452
