1 0.827636 0.792106 0.265015 0.292925 0.922744
1 0.300368 0.865378 0.30948 0.25508 0.922155
1 0.563375 0.799528 0.298645 0.316632 0.90836
5 0.486593 0.406977 0.493637 0.529204 0.303437
14 0.470136 0.409582 0.504479 0.531462 0.261681
1 0.49073 0.37732 0.498881 0.575489 0.0133233
7 0.489374 0.40522 0.470387 0.551813 0.00625319
1 0.295689 0.865105 0.169317 0.251487 0.00565331
1 0.0948142 0.938727 0.188522 0.119133 0.00495433
0 0.299594 0.867589 0.312606 0.258527 0.00473437
5 0.300329 0.865881 0.310444 0.255456 0.0045
5 0.560725 0.799518 0.296988 0.311082 0.00417252
22 0.300329 0.865881 0.310444 0.255456 0.00415028
4 0.828032 0.793307 0.274989 0.294017 0.00412986
22 0.828032 0.793307 0.274989 0.294017 0.00410025
0 0.828032 0.793307 0.274989 0.294017 0.00409551
18 0.299594 0.867589 0.312606 0.258527 0.00405405
4 0.300329 0.865881 0.310444 0.255456 0.00404836
18 0.827048 0.792522 0.267094 0.292319 0.00404239
22 0.562688 0.799539 0.301663 0.315096 0.00403793
17 0.828032 0.793307 0.274989 0.294017 0.00385457
17 0.300329 0.865881 0.310444 0.255456 0.00385286
2 0.827048 0.792522 0.267094 0.292319 0.00373668
17 0.560725 0.799518 0.296988 0.311082 0.00372306
5 0.828032 0.793307 0.274989 0.294017 0.00371409
4 0.562688 0.799539 0.301663 0.315096 0.00364731
0 0.562688 0.799539 0.301663 0.315096 0.00357197
18 0.562688 0.799539 0.301663 0.315096 0.00353325
8 0.828032 0.793307 0.274989 0.294017 0.00351461
7 0.560725 0.799518 0.296988 0.311082 0.00344511
3 0.827048 0.792522 0.267094 0.292319 0.00343683
2 0.562688 0.799539 0.301663 0.315096 0.00337998
3 0.300329 0.865881 0.310444 0.255456 0.00333485
2 0.299594 0.867589 0.312606 0.258527 0.00331085
3 0.562688 0.799539 0.301663 0.315096 0.0032634
7 0.300329 0.865881 0.310444 0.255456 0.00326122
8 0.300329 0.865881 0.310444 0.255456 0.00323127
8 0.562688 0.799539 0.301663 0.315096 0.00322844
15 0.827048 0.792522 0.267094 0.292319 0.00319904
7 0.827048 0.792522 0.267094 0.292319 0.00300493
15 0.299594 0.867589 0.312606 0.258527 0.00295791
14 0.560725 0.799518 0.296988 0.311082 0.00295506
14 0.827048 0.792522 0.267094 0.292319 0.00290857
15 0.562688 0.799539 0.301663 0.315096 0.00283737
11 0.828032 0.793307 0.274989 0.294017 0.00279685
14 0.300329 0.865881 0.310444 0.255456 0.00265368
21 0.827048 0.792522 0.267094 0.292319 0.0025339
6 0.828032 0.793307 0.274989 0.294017 0.00250405
10 0.827048 0.792522 0.267094 0.292319 0.00249792
21 0.299594 0.867589 0.312606 0.258527 0.00233769
11 0.560725 0.799518 0.296988 0.311082 0.00231295
21 0.562688 0.799539 0.301663 0.315096 0.00230584
6 0.300329 0.865881 0.310444 0.255456 0.00230134
20 0.827048 0.792522 0.267094 0.292319 0.00229818
10 0.299594 0.867589 0.312606 0.258527 0.00222385
6 0.562688 0.799539 0.301663 0.315096 0.0022076
11 0.299594 0.867589 0.312606 0.258527 0.00219102
16 0.827048 0.792522 0.267094 0.292319 0.00218691
20 0.299594 0.867589 0.312606 0.258527 0.00215504
1 0.557267 0.800793 0.169396 0.302576 0.00213627
16 0.299594 0.867589 0.312606 0.258527 0.00211242
12 0.827048 0.792522 0.267094 0.292319 0.00208619
22 0.489374 0.40522 0.470387 0.551813 0.00202193
10 0.562688 0.799539 0.301663 0.315096 0.00201616
20 0.560725 0.799518 0.296988 0.311082 0.00201296
16 0.562688 0.799539 0.301663 0.315096 0.00200803
12 0.300329 0.865881 0.310444 0.255456 0.0019849
19 0.827048 0.792522 0.267094 0.292319 0.00197465
12 0.562688 0.799539 0.301663 0.315096 0.00191262
19 0.299594 0.867589 0.312606 0.258527 0.00188567
5 0.48793 0.533386 0.594589 0.548088 0.00184324
13 0.299594 0.867589 0.312606 0.258527 0.00181452
13 0.827048 0.792522 0.267094 0.292319 0.00181442
9 0.827048 0.792522 0.267094 0.292319 0.00180517
19 0.560725 0.799518 0.296988 0.311082 0.0017882
9 0.299594 0.867589 0.312606 0.258527 0.00176176
5 0.523147 0.490818 0.464248 0.352093 0.00171405
9 0.562688 0.799539 0.301663 0.315096 0.00170835
13 0.562688 0.799539 0.301663 0.315096 0.00165017
15 0.472193 0.407453 0.488747 0.55358 0.0016034
4 0.489374 0.40522 0.470387 0.551813 0.00140078
8 0.489374 0.40522 0.470387 0.551813 0.00125876
3 0.489374 0.40522 0.470387 0.551813 0.00100179
