5 0.388557 0.613316 0.291852 0.342304 0.887253
5 0.667488 0.607317 0.294899 0.331 0.82903
1 0.667243 0.60681 0.297105 0.335086 0.00453903
1 0.388451 0.613174 0.295964 0.344678 0.00423531
4 0.388451 0.613174 0.295964 0.344678 0.00354512
11 0.0512462 0.167738 0.053217 0.326996 0.00353454
4 0.668817 0.607837 0.299186 0.330919 0.00326436
14 0.388451 0.613174 0.295964 0.344678 0.00307298
8 0.668817 0.607837 0.299186 0.330919 0.00296286
8 0.388952 0.612923 0.301191 0.342227 0.00293259
19 0.388451 0.613174 0.295964 0.344678 0.00289663
7 0.38829 0.613742 0.296974 0.350922 0.00274828
19 0.667243 0.60681 0.297105 0.335086 0.00272677
14 0.667243 0.60681 0.297105 0.335086 0.00270036
7 0.667243 0.60681 0.297105 0.335086 0.00264774
17 0.388952 0.612923 0.301191 0.342227 0.00254833
0 0.668817 0.607837 0.299186 0.330919 0.00235138
10 0.388952 0.612923 0.301191 0.342227 0.00233373
10 0.668817 0.607837 0.299186 0.330919 0.0022791
6 0.668817 0.607837 0.299186 0.330919 0.00214181
6 0.388952 0.612923 0.301191 0.342227 0.00213758
18 0.388451 0.613174 0.295964 0.344678 0.00211194
18 0.667243 0.60681 0.297105 0.335086 0.00207388
0 0.38829 0.613742 0.296974 0.350922 0.00207064
11 0.668817 0.607837 0.299186 0.330919 0.00206309
22 0.388451 0.613174 0.295964 0.344678 0.00194148
22 0.668817 0.607837 0.299186 0.330919 0.00193229
11 0.388952 0.612923 0.301191 0.342227 0.00192133
5 0.665953 0.608171 0.169556 0.338118 0.00186611
17 0.668817 0.607837 0.299186 0.330919 0.00178084
13 0.388451 0.613174 0.295964 0.344678 0.00174366
13 0.668817 0.607837 0.299186 0.330919 0.00173293
15 0.388451 0.613174 0.295964 0.344678 0.0016132
16 0.38829 0.613742 0.296974 0.350922 0.00156432
12 0.388451 0.613174 0.295964 0.344678 0.00156228
12 0.668817 0.607837 0.299186 0.330919 0.00152769
20 0.38829 0.613742 0.296974 0.350922 0.00151643
16 0.667243 0.60681 0.297105 0.335086 0.00150551
20 0.668817 0.607837 0.299186 0.330919 0.00149635
15 0.667243 0.60681 0.297105 0.335086 0.00145463
9 0.668817 0.607837 0.299186 0.330919 0.00140252
21 0.388451 0.613174 0.295964 0.344678 0.00135473
3 0.388451 0.613174 0.295964 0.344678 0.00134354
2 0.668817 0.607837 0.299186 0.330919 0.0013257
3 0.668817 0.607837 0.299186 0.330919 0.00132395
9 0.388451 0.613174 0.295964 0.344678 0.00131315
2 0.388451 0.613174 0.295964 0.344678 0.00130889
21 0.667243 0.60681 0.297105 0.335086 0.00128736
5 0.388277 0.61499 0.169742 0.343442 0.00121327
