11 0.550919 0.532918 0.124367 0.240774 0.774311
20 0.55133 0.533036 0.1253 0.243723 0.581202
0 0.550721 0.533231 0.123691 0.241265 0.00830579
1 0.627422 0.0521802 0.113332 0.101546 0.00692621
10 0.550429 0.533452 0.125333 0.238302 0.00595455
13 0.550429 0.533452 0.125333 0.238302 0.00530965
16 0.550429 0.533452 0.125333 0.238302 0.00456366
17 0.550704 0.533486 0.126383 0.239455 0.00423933
6 0.550429 0.533452 0.125333 0.238302 0.00384318
5 0.550429 0.533452 0.125333 0.238302 0.00372409
0 0.543918 0.467591 0.114264 0.100168 0.00338969
18 0.550704 0.533486 0.126383 0.239455 0.00323863
1 0.550704 0.533486 0.126383 0.239455 0.00317968
19 0.550429 0.533452 0.125333 0.238302 0.00279752
12 0.550704 0.533486 0.126383 0.239455 0.0027692
21 0.550704 0.533486 0.126383 0.239455 0.00275501
3 0.550704 0.533486 0.126383 0.239455 0.0026435
4 0.550704 0.533486 0.126383 0.239455 0.00264038
9 0.550704 0.533486 0.126383 0.239455 0.00245037
8 0.550429 0.533452 0.125333 0.238302 0.002352
14 0.550704 0.533486 0.126383 0.239455 0.00225453
2 0.550704 0.533486 0.126383 0.239455 0.00205568
7 0.550704 0.533486 0.126383 0.239455 0.00197755
22 0.550704 0.533486 0.126383 0.239455 0.00174459
15 0.550704 0.533486 0.126383 0.239455 0.00166412
