1 0.531046 0.452486 0.216317 0.259589 0.859808
1 0.5211 0.731878 0.323874 0.236108 0.11771
0 0.510531 0.730451 0.302631 0.228443 0.0613418
22 0.495476 0.720896 0.271894 0.231137 0.0443826
0 0.531118 0.4516 0.21994 0.257656 0.0113469
22 0.531118 0.4516 0.21994 0.257656 0.00685176
14 0.530962 0.450165 0.21923 0.259659 0.00595759
14 0.476528 0.728058 0.249148 0.224578 0.00496267
8 0.530962 0.450165 0.21923 0.259659 0.00465703
2 0.531118 0.4516 0.21994 0.257656 0.00444473
4 0.530962 0.450165 0.21923 0.259659 0.00420656
17 0.531118 0.4516 0.21994 0.257656 0.00409678
3 0.531118 0.4516 0.21994 0.257656 0.00402224
15 0.530962 0.450165 0.21923 0.259659 0.00365741
18 0.531118 0.4516 0.21994 0.257656 0.0036303
7 0.531118 0.4516 0.21994 0.257656 0.00346148
5 0.530962 0.450165 0.21923 0.259659 0.00345722
21 0.530962 0.450165 0.21923 0.259659 0.00274223
11 0.531118 0.4516 0.21994 0.257656 0.00266301
10 0.530962 0.450165 0.21923 0.259659 0.00263833
6 0.531118 0.4516 0.21994 0.257656 0.0025511
20 0.530962 0.450165 0.21923 0.259659 0.00239592
12 0.530962 0.450165 0.21923 0.259659 0.00235245
16 0.530962 0.450165 0.21923 0.259659 0.002345
13 0.531118 0.4516 0.21994 0.257656 0.00211791
9 0.531118 0.4516 0.21994 0.257656 0.00206938
17 0.503004 0.726583 0.29145 0.213026 0.00198433
14 0.575218 0.737653 0.438824 0.271937 0.00185817
19 0.530962 0.450165 0.21923 0.259659 0.00183909
3 0.50434 0.729505 0.294254 0.220763 0.00177845
5 0.521519 0.724866 0.321093 0.220446 0.00155223
7 0.520267 0.732696 0.312999 0.227347 0.00136485
2 0.503004 0.726583 0.29145 0.213026 0.00128246
1 0.547011 0.3955 0.257958 0.368661 0.00121065
1 0.509844 0.721217 0.164541 0.218755 0.00119483
8 0.503004 0.726583 0.29145 0.213026 0.00113983
5 0.532508 0.376757 0.261141 0.397373 0.0011188
18 0.50434 0.729505 0.294254 0.220763 0.0011046
4 0.503004 0.726583 0.29145 0.213026 0.00109974
13 0.510027 0.721797 0.298953 0.226257 0.00107418
10 0.503004 0.726583 0.29145 0.213026 0.00105671
