11 0.472722 0.503486 0.11267 0.285677 0.759835
17 0.534499 0.453579 0.435934 0.413418 0.663812
0 0.471696 0.501569 0.113112 0.282934 0.50444
7 0.533605 0.455222 0.451073 0.400118 0.151702
17 0.474981 0.503657 0.112188 0.291432 0.0691381
11 0.527665 0.457212 0.424828 0.389028 0.0276188
17 0.583325 0.506275 0.322582 0.324807 0.0152948
17 0.468344 0.451466 0.234621 0.301624 0.0148064
22 0.534499 0.453579 0.435934 0.413418 0.0120742
7 0.583325 0.506275 0.322582 0.324807 0.00931233
1 0.472157 0.503284 0.112354 0.293603 0.00788608
1 0.532389 0.453777 0.46093 0.414377 0.00657408
11 0.484179 0.495011 0.213405 0.350001 0.00477855
0 0.527665 0.457212 0.424828 0.389028 0.00455638
15 0.470207 0.506463 0.111965 0.283962 0.00446114
20 0.474981 0.503657 0.112188 0.291432 0.00400456
18 0.470207 0.506463 0.111965 0.283962 0.00386985
3 0.534499 0.453579 0.435934 0.413418 0.00349507
10 0.474981 0.503657 0.112188 0.291432 0.00335002
14 0.474981 0.503657 0.112188 0.291432 0.00330627
3 0.470207 0.506463 0.111965 0.283962 0.00324458
17 0.475608 0.453776 0.140517 0.244842 0.00322216
8 0.474981 0.503657 0.112188 0.291432 0.00296117
14 0.534499 0.453579 0.435934 0.413418 0.00279516
16 0.474981 0.503657 0.112188 0.291432 0.00271236
4 0.472157 0.503284 0.112354 0.293603 0.00267426
2 0.534499 0.453579 0.435934 0.413418 0.00253405
10 0.528443 0.453426 0.43708 0.414183 0.00251372
15 0.528443 0.453426 0.43708 0.414183 0.00246551
7 0.474981 0.503657 0.112188 0.291432 0.00246408
19 0.534499 0.453579 0.435934 0.413418 0.00234856
12 0.474981 0.503657 0.112188 0.291432 0.00234276
8 0.528443 0.453426 0.43708 0.414183 0.00221673
9 0.474981 0.503657 0.112188 0.291432 0.00205685
13 0.470207 0.506463 0.111965 0.283962 0.0019411
22 0.470207 0.506463 0.111965 0.283962 0.00188618
6 0.474981 0.503657 0.112188 0.291432 0.00187638
2 0.474981 0.503657 0.112188 0.291432 0.00182096
19 0.474981 0.503657 0.112188 0.291432 0.0017781
21 0.474981 0.503657 0.112188 0.291432 0.0017772
0 0.469949 0.586256 0.0999438 0.120442 0.00175029
9 0.528443 0.453426 0.43708 0.414183 0.0016921
16 0.532389 0.453777 0.46093 0.414377 0.0016495
4 0.534499 0.453579 0.435934 0.413418 0.00146407
18 0.534499 0.453579 0.435934 0.413418 0.00141719
20 0.528443 0.453426 0.43708 0.414183 0.00140993
6 0.528443 0.453426 0.43708 0.414183 0.0013727
11 0.475608 0.453776 0.140517 0.244842 0.00130889
13 0.534499 0.453579 0.435934 0.413418 0.00129088
5 0.473531 0.505646 0.11303 0.28893 0.00128353
12 0.528443 0.453426 0.43708 0.414183 0.00123134
21 0.528443 0.453426 0.43708 0.414183 0.00101585
