0 0.382703 0.723877 0.151977 0.155781 0.895659
0 0.531037 0.730155 0.142129 0.147576 0.879716
5 0.507501 0.44393 0.251525 0.346241 0.758007
1 0.382626 0.722765 0.158548 0.15449 0.017539
17 0.383601 0.724972 0.161013 0.155437 0.0113227
1 0.531037 0.730155 0.142129 0.147576 0.00868823
18 0.382626 0.722765 0.158548 0.15449 0.00867698
5 0.383601 0.724972 0.161013 0.155437 0.00841635
22 0.382626 0.722765 0.158548 0.15449 0.00794645
14 0.382626 0.722765 0.158548 0.15449 0.00751424
17 0.533286 0.731486 0.143169 0.150688 0.00731518
3 0.382626 0.722765 0.158548 0.15449 0.00699781
11 0.383601 0.724972 0.161013 0.155437 0.00649667
18 0.531429 0.731149 0.140005 0.149083 0.0064309
8 0.382626 0.722765 0.158548 0.15449 0.0054005
20 0.383601 0.724972 0.161013 0.155437 0.0049538
22 0.532669 0.730936 0.147146 0.152142 0.00480781
4 0.383601 0.724972 0.161013 0.155437 0.00474066
6 0.383601 0.724972 0.161013 0.155437 0.00466639
9 0.382626 0.722765 0.158548 0.15449 0.00453975
2 0.382626 0.722765 0.158548 0.15449 0.00450847
1 0.5074 0.442918 0.259269 0.346953 0.00440807
5 0.53351 0.732533 0.156269 0.149076 0.00438019
12 0.382626 0.722765 0.158548 0.15449 0.00428513
21 0.382626 0.722765 0.158548 0.15449 0.00400725
10 0.383601 0.724972 0.161013 0.155437 0.00397541
13 0.382626 0.722765 0.158548 0.15449 0.00392741
16 0.382626 0.722765 0.158548 0.15449 0.00375135
4 0.5074 0.442918 0.259269 0.346953 0.00367704
15 0.382626 0.722765 0.158548 0.15449 0.00353828
14 0.532202 0.731795 0.153108 0.150082 0.0034765
19 0.382626 0.722765 0.158548 0.15449 0.00342346
14 0.5074 0.442918 0.259269 0.346953 0.00338219
3 0.532202 0.731795 0.153108 0.150082 0.00323
11 0.532202 0.731795 0.153108 0.150082 0.00310958
0 0.5074 0.442918 0.259269 0.346953 0.00279891
20 0.533286 0.731486 0.143169 0.150688 0.00264013
13 0.532669 0.730936 0.147146 0.152142 0.00260239
10 0.5074 0.442918 0.259269 0.346953 0.00259719
4 0.533286 0.731486 0.143169 0.150688 0.0024982
19 0.5074 0.442918 0.259269 0.346953 0.00246095
8 0.532202 0.731795 0.153108 0.150082 0.00245776
9 0.532202 0.731795 0.153108 0.150082 0.00240088
8 0.5074 0.442918 0.259269 0.346953 0.00238244
12 0.532202 0.731795 0.153108 0.150082 0.00236709
6 0.5074 0.442918 0.259269 0.346953 0.00236206
7 0.5074 0.442918 0.259269 0.346953 0.00231653
6 0.53351 0.732533 0.156269 0.149076 0.00229948
7 0.383601 0.724972 0.161013 0.155437 0.00228855
11 0.5074 0.442918 0.259269 0.346953 0.00228194
2 0.533232 0.732292 0.156737 0.150134 0.00222845
22 0.5074 0.442918 0.259269 0.346953 0.00211378
18 0.5074 0.442918 0.259269 0.346953 0.00210107
21 0.532202 0.731795 0.153108 0.150082 0.0020728
10 0.533286 0.731486 0.143169 0.150688 0.00198879
16 0.532202 0.731795 0.153108 0.150082 0.00193294
17 0.5074 0.442918 0.259269 0.346953 0.00186004
15 0.532129 0.729894 0.144632 0.151406 0.00177228
19 0.532129 0.729894 0.144632 0.151406 0.00176527
7 0.532129 0.729894 0.144632 0.151406 0.00167902
20 0.5074 0.442918 0.259269 0.346953 0.00162527
13 0.5074 0.442918 0.259269 0.346953 0.00161276
12 0.5074 0.442918 0.259269 0.346953 0.00160824
16 0.5074 0.442918 0.259269 0.346953 0.00159292
15 0.5074 0.442918 0.259269 0.346953 0.00141226
2 0.5074 0.442918 0.259269 0.346953 0.00140249
9 0.5074 0.442918 0.259269 0.346953 0.00140156
3 0.5074 0.442918 0.259269 0.346953 0.00137547
0 0.380499 0.719181 0.0961839 0.141454 0.00134203
21 0.5074 0.442918 0.259269 0.346953 0.0012994
