8 0.493828 0.540012 0.145856 0.351953 0.846529
8 0.694652 0.445436 0.117183 0.251183 0.792376
8 0.576712 0.195253 0.150002 0.316636 0.513878
8 0.366447 0.218237 0.165279 0.40964 0.327537
5 0.364884 0.21679 0.174893 0.412544 0.209609
5 0.576974 0.190884 0.158358 0.305059 0.0402686
4 0.364884 0.21679 0.174893 0.412544 0.0177076
4 0.577384 0.192055 0.158266 0.312826 0.00866355
4 0.495671 0.537764 0.147838 0.368611 0.00862643
11 0.364017 0.216241 0.172821 0.411161 0.00640932
4 0.695451 0.444235 0.114429 0.251983 0.00578088
11 0.695474 0.446991 0.114779 0.256849 0.00495563
11 0.495671 0.537764 0.147838 0.368611 0.00468471
0 0.695474 0.446991 0.114779 0.256849 0.00415521
5 0.495671 0.537764 0.147838 0.368611 0.00411608
22 0.574658 0.192113 0.162028 0.308608 0.00407169
10 0.495671 0.537764 0.147838 0.368611 0.00392374
17 0.495671 0.537764 0.147838 0.368611 0.00377555
1 0.574658 0.192113 0.162028 0.308608 0.00369528
19 0.495671 0.537764 0.147838 0.368611 0.0036436
17 0.364017 0.216241 0.172821 0.411161 0.0034956
11 0.577384 0.192055 0.158266 0.312826 0.00335395
1 0.496068 0.539518 0.149165 0.368141 0.0033038
10 0.695416 0.447646 0.114081 0.260089 0.00319766
14 0.495671 0.537764 0.147838 0.368611 0.00314647
21 0.495671 0.537764 0.147838 0.368611 0.00308352
19 0.364017 0.216241 0.172821 0.411161 0.00303735
2 0.495671 0.537764 0.147838 0.368611 0.00303063
19 0.574658 0.192113 0.162028 0.308608 0.00293295
22 0.495671 0.537764 0.147838 0.368611 0.0028797
1 0.695474 0.446991 0.114779 0.256849 0.00285605
22 0.695416 0.447646 0.114081 0.260089 0.00281163
15 0.495671 0.537764 0.147838 0.368611 0.00268218
10 0.574658 0.192113 0.162028 0.308608 0.00263222
20 0.495671 0.537764 0.147838 0.368611 0.00261559
2 0.695474 0.446991 0.114779 0.256849 0.00259026
22 0.364884 0.21679 0.174893 0.412544 0.00251417
14 0.364884 0.21679 0.174893 0.412544 0.00247764
8 0.289855 0.435733 0.209325 0.472029 0.00237538
19 0.69449 0.445647 0.119035 0.250879 0.00229257
10 0.364017 0.216241 0.172821 0.411161 0.00222995
14 0.574658 0.192113 0.162028 0.308608 0.00216598
2 0.574658 0.192113 0.162028 0.308608 0.00213889
15 0.695474 0.446991 0.114779 0.256849 0.00213014
14 0.695474 0.446991 0.114779 0.256849 0.0021083
0 0.495671 0.537764 0.147838 0.368611 0.00202094
16 0.495671 0.537764 0.147838 0.368611 0.00194317
18 0.496068 0.539518 0.149165 0.368141 0.0019086
21 0.574658 0.192113 0.162028 0.308608 0.00188417
1 0.364017 0.216241 0.172821 0.411161 0.00187054
17 0.577384 0.192055 0.158266 0.312826 0.0018477
21 0.695474 0.446991 0.114779 0.256849 0.00183407
12 0.495671 0.537764 0.147838 0.368611 0.00179508
0 0.577384 0.192055 0.158266 0.312826 0.00174786
5 0.694624 0.446395 0.117834 0.251563 0.00173015
17 0.695416 0.447646 0.114081 0.260089 0.0017055
7 0.495671 0.537764 0.147838 0.368611 0.00170119
9 0.495671 0.537764 0.147838 0.368611 0.00167819
20 0.364017 0.216241 0.172821 0.411161 0.00163767
16 0.695474 0.446991 0.114779 0.256849 0.00161521
20 0.695474 0.446991 0.114779 0.256849 0.00159894
15 0.364884 0.21679 0.174893 0.412544 0.00159482
12 0.695416 0.447646 0.114081 0.260089 0.00155087
20 0.577384 0.192055 0.158266 0.312826 0.00154714
13 0.492979 0.538146 0.14464 0.350365 0.00153315
2 0.364017 0.216241 0.172821 0.411161 0.00153002
3 0.495671 0.537764 0.147838 0.368611 0.00149917
21 0.364884 0.21679 0.174893 0.412544 0.00148905
9 0.695416 0.447646 0.114081 0.260089 0.00148714
13 0.695474 0.446991 0.114779 0.256849 0.00148567
16 0.364017 0.216241 0.172821 0.411161 0.00141394
16 0.574658 0.192113 0.162028 0.308608 0.00139203
6 0.495671 0.537764 0.147838 0.368611 0.00135586
7 0.574658 0.192113 0.162028 0.308608 0.00135331
7 0.695474 0.446991 0.114779 0.256849 0.00129594
18 0.364884 0.21679 0.174893 0.412544 0.00128683
18 0.574658 0.192113 0.162028 0.308608 0.00126045
6 0.364884 0.21679 0.174893 0.412544 0.00123627
9 0.574658 0.192113 0.162028 0.308608 0.00123276
15 0.574658 0.192113 0.162028 0.308608 0.00122786
7 0.364884 0.21679 0.174893 0.412544 0.00122136
13 0.364884 0.21679 0.174893 0.412544 0.00120217
12 0.364884 0.21679 0.174893 0.412544 0.0011923
13 0.577384 0.192055 0.158266 0.312826 0.00118024
3 0.574658 0.192113 0.162028 0.308608 0.00114395
9 0.364884 0.21679 0.174893 0.412544 0.00113015
12 0.574658 0.192113 0.162028 0.308608 0.00113006
18 0.695474 0.446991 0.114779 0.256849 0.00110684
8 0.572562 0.255291 0.127612 0.220116 0.00109908
0 0.364017 0.216241 0.172821 0.411161 0.00108417
6 0.574658 0.192113 0.162028 0.308608 0.00102638
3 0.364884 0.21679 0.174893 0.412544 0.00101717
3 0.695474 0.446991 0.114779 0.256849 0.00100249
