10 0.517354 0.494044 0.22544 0.202981 0.845885
10 0.523439 0.283063 0.239227 0.174353 0.416674
14 0.516446 0.492013 0.226305 0.196664 0.0415029
17 0.523502 0.285018 0.244311 0.177654 0.0219028
14 0.523439 0.283063 0.239227 0.174353 0.020558
17 0.516446 0.492013 0.226305 0.196664 0.0194603
22 0.516446 0.492013 0.226305 0.196664 0.0129016
11 0.523502 0.285018 0.244311 0.177654 0.011474
8 0.517627 0.4937 0.235735 0.202551 0.0105864
11 0.193797 0.375925 0.217091 0.270768 0.0101599
20 0.523439 0.283063 0.239227 0.174353 0.010098
6 0.517627 0.4937 0.235735 0.202551 0.00938578
21 0.516446 0.492013 0.226305 0.196664 0.008739
2 0.516446 0.492013 0.226305 0.196664 0.00845265
20 0.51602 0.492219 0.237581 0.199763 0.00845012
11 0.517627 0.4937 0.235735 0.202551 0.00774
1 0.51602 0.492219 0.237581 0.199763 0.00694545
6 0.523439 0.283063 0.239227 0.174353 0.00637552
5 0.51602 0.492219 0.237581 0.199763 0.00554321
5 0.523502 0.285018 0.244311 0.177654 0.00535545
8 0.523439 0.283063 0.239227 0.174353 0.00533498
22 0.517926 0.283685 0.239249 0.170644 0.0051634
4 0.523502 0.285018 0.244311 0.177654 0.00491771
4 0.51602 0.492219 0.237581 0.199763 0.00490267
3 0.516446 0.492013 0.226305 0.196664 0.00464449
21 0.523439 0.283063 0.239227 0.174353 0.00456327
0 0.517627 0.4937 0.235735 0.202551 0.00431239
2 0.523439 0.283063 0.239227 0.174353 0.00388915
10 0.515539 0.356312 0.235796 0.355431 0.0038704
18 0.517627 0.4937 0.235735 0.202551 0.00366763
1 0.523502 0.285018 0.244311 0.177654 0.00365268
3 0.199794 0.377511 0.223392 0.282489 0.0035142
0 0.194921 0.367973 0.219038 0.253471 0.00336525
16 0.517627 0.4937 0.235735 0.202551 0.00305208
15 0.51602 0.492219 0.237581 0.199763 0.00299809
1 0.199794 0.377511 0.223392 0.282489 0.00281175
0 0.523502 0.285018 0.244311 0.177654 0.00260576
12 0.517627 0.4937 0.235735 0.202551 0.00258398
10 0.199794 0.377511 0.223392 0.282489 0.00244931
9 0.517627 0.4937 0.235735 0.202551 0.00239446
18 0.523439 0.283063 0.239227 0.174353 0.00218294
16 0.523439 0.283063 0.239227 0.174353 0.00209757
13 0.516446 0.492013 0.226305 0.196664 0.00206397
19 0.51602 0.492219 0.237581 0.199763 0.00193242
3 0.523439 0.283063 0.239227 0.174353 0.00192834
12 0.523439 0.283063 0.239227 0.174353 0.00186292
20 0.515539 0.356312 0.235796 0.355431 0.0018575
7 0.516446 0.492013 0.226305 0.196664 0.00183619
15 0.523439 0.283063 0.239227 0.174353 0.0016486
11 0.17269 0.430426 0.192702 0.34988 0.00164763
22 0.199794 0.377511 0.223392 0.282489 0.0016267
9 0.523439 0.283063 0.239227 0.174353 0.00159947
19 0.523439 0.283063 0.239227 0.174353 0.00155408
11 0.208342 0.280793 0.251978 0.462051 0.00155312
13 0.523439 0.283063 0.239227 0.174353 0.00146133
14 0.199794 0.377511 0.223392 0.282489 0.00146119
2 0.199794 0.377511 0.223392 0.282489 0.00115681
11 0.218254 0.43909 0.2461 0.39702 0.00109523
