1 0.546893 0.770582 0.289928 0.270667 0.911766
1 0.804224 0.714791 0.227095 0.278082 0.771208
4 0.804537 0.714792 0.232134 0.275994 0.00700011
5 0.585438 0.465381 0.327585 0.316695 0.00689801
5 0.804537 0.714792 0.232134 0.275994 0.00530242
4 0.546205 0.771351 0.292003 0.26972 0.00530155
1 0.540584 0.769315 0.171575 0.259713 0.00515432
5 0.643586 0.460258 0.497523 0.351779 0.00470376
22 0.804537 0.714792 0.232134 0.275994 0.00446548
0 0.545163 0.772241 0.293865 0.274874 0.00442414
22 0.546205 0.771351 0.292003 0.26972 0.00431738
17 0.545163 0.772241 0.293865 0.274874 0.00389897
17 0.804537 0.714792 0.232134 0.275994 0.00385256
18 0.545163 0.772241 0.293865 0.274874 0.00372435
8 0.546205 0.771351 0.292003 0.26972 0.00370865
0 0.804537 0.714792 0.232134 0.275994 0.00357479
8 0.804537 0.714792 0.232134 0.275994 0.00356958
2 0.546205 0.771351 0.292003 0.26972 0.00339171
5 0.546205 0.771351 0.292003 0.26972 0.00338085
3 0.546205 0.771351 0.292003 0.26972 0.00326453
2 0.804537 0.714792 0.232134 0.275994 0.00308902
7 0.546205 0.771351 0.292003 0.26972 0.00306789
18 0.804537 0.714792 0.232134 0.275994 0.0029106
15 0.546205 0.771351 0.292003 0.26972 0.00287268
7 0.804537 0.714792 0.232134 0.275994 0.00284577
14 0.546205 0.771351 0.292003 0.26972 0.00281992
3 0.804537 0.714792 0.232134 0.275994 0.00279186
14 0.804537 0.714792 0.232134 0.275994 0.00245571
15 0.804537 0.714792 0.232134 0.275994 0.0024542
10 0.545163 0.772241 0.293865 0.274874 0.00235549
21 0.546205 0.771351 0.292003 0.26972 0.00234
6 0.546205 0.771351 0.292003 0.26972 0.00225955
11 0.804537 0.714792 0.232134 0.275994 0.00215841
6 0.804537 0.714792 0.232134 0.275994 0.00214843
20 0.545163 0.772241 0.293865 0.274874 0.00212402
11 0.545163 0.772241 0.293865 0.274874 0.0020884
16 0.545163 0.772241 0.293865 0.274874 0.00206835
16 0.804537 0.714792 0.232134 0.275994 0.00204633
12 0.546205 0.771351 0.292003 0.26972 0.00204062
12 0.804537 0.714792 0.232134 0.275994 0.00196469
21 0.804537 0.714792 0.232134 0.275994 0.00196031
10 0.804537 0.714792 0.232134 0.275994 0.00193877
20 0.804537 0.714792 0.232134 0.275994 0.00188382
9 0.545163 0.772241 0.293865 0.274874 0.00180847
19 0.545163 0.772241 0.293865 0.274874 0.00179929
9 0.804537 0.714792 0.232134 0.275994 0.00177778
19 0.804537 0.714792 0.232134 0.275994 0.00168766
13 0.545163 0.772241 0.293865 0.274874 0.00167107
13 0.804537 0.714792 0.232134 0.275994 0.00153195
