5 0.563997 0.449459 0.317647 0.469083 0.878526
1 0.56332 0.448828 0.32711 0.480644 0.0042891
4 0.56332 0.448828 0.32711 0.480644 0.00304662
19 0.56332 0.448828 0.32711 0.480644 0.00304035
5 0.835701 0.484691 0.192577 0.516899 0.00281915
8 0.56332 0.448828 0.32711 0.480644 0.00259579
7 0.563157 0.447104 0.318165 0.489032 0.00239372
18 0.56332 0.448828 0.32711 0.480644 0.00216162
11 0.56332 0.448828 0.32711 0.480644 0.0020826
6 0.56332 0.448828 0.32711 0.480644 0.00186113
0 0.56332 0.448828 0.32711 0.480644 0.00184975
10 0.56332 0.448828 0.32711 0.480644 0.00171965
14 0.56332 0.448828 0.32711 0.480644 0.00171025
20 0.56332 0.448828 0.32711 0.480644 0.00168518
22 0.56332 0.448828 0.32711 0.480644 0.00155513
12 0.56332 0.448828 0.32711 0.480644 0.00141041
15 0.56332 0.448828 0.32711 0.480644 0.00138334
16 0.56332 0.448828 0.32711 0.480644 0.00136427
17 0.56332 0.448828 0.32711 0.480644 0.00131902
13 0.56332 0.448828 0.32711 0.480644 0.00130433
3 0.56332 0.448828 0.32711 0.480644 0.001281
9 0.56332 0.448828 0.32711 0.480644 0.00125547
2 0.56332 0.448828 0.32711 0.480644 0.00121442
21 0.56332 0.448828 0.32711 0.480644 0.00112863
