17 0.444541 0.542687 0.774985 0.443411 0.100837
4 0.642686 0.532175 0.386927 0.409475 0.0588695
4 0.167823 0.552637 0.311907 0.342225 0.0566821
17 0.358712 0.549784 0.580698 0.341039 0.0334855
17 0.187521 0.550351 0.356818 0.321755 0.024736
4 0.442924 0.53419 0.608843 0.414083 0.0117047
4 0.49674 0.529919 0.834425 0.528746 0.0116052
17 0.692421 0.533412 0.467866 0.420886 0.010033
19 0.606261 0.534454 0.41424 0.423914 0.00493813
8 0.492161 0.532256 0.844143 0.488382 0.00437358
7 0.444541 0.542687 0.774985 0.443411 0.00406189
14 0.187521 0.550351 0.356818 0.321755 0.00291604
11 0.194977 0.559397 0.389954 0.343343 0.00264138
8 0.602458 0.5276 0.474846 0.420276 0.00243406
22 0.444541 0.542687 0.774985 0.443411 0.00209763
11 0.692401 0.535091 0.490965 0.426146 0.00206768
14 0.444541 0.542687 0.774985 0.443411 0.00198846
19 0.549134 0.52898 0.7804 0.506166 0.00191781
5 0.596849 0.522659 0.500641 0.450939 0.00175976
14 0.401009 0.549758 0.568579 0.361941 0.00151984
8 0.166569 0.550696 0.294591 0.317765 0.00150226
5 0.545142 0.523733 0.779384 0.523014 0.00148561
