10 0.584298 0.674547 0.118617 0.161906 0.899339
10 0.473479 0.675458 0.111794 0.16721 0.870393
10 0.348958 0.653253 0.109389 0.164228 0.627739
17 0.584359 0.673651 0.119978 0.163572 0.00591666
17 0.472102 0.674636 0.113318 0.16748 0.00582499
11 0.348958 0.653253 0.109389 0.164228 0.00568256
1 0.472215 0.674615 0.111925 0.166198 0.00513012
1 0.58394 0.674193 0.120518 0.163018 0.00497108
4 0.58394 0.674193 0.120518 0.163018 0.0048981
14 0.472102 0.674636 0.113318 0.16748 0.00476879
1 0.348958 0.653253 0.109389 0.164228 0.00459578
8 0.58394 0.674193 0.120518 0.163018 0.00457194
4 0.471327 0.674819 0.113488 0.168988 0.0044607
14 0.583986 0.674947 0.120126 0.163682 0.00429474
22 0.471327 0.674819 0.113488 0.168988 0.00415403
11 0.472102 0.674636 0.113318 0.16748 0.00413155
2 0.584859 0.67537 0.119032 0.163999 0.00402994
2 0.472102 0.674636 0.113318 0.16748 0.00377976
4 0.348958 0.653253 0.109389 0.164228 0.00375136
14 0.348958 0.653253 0.109389 0.164228 0.00364697
22 0.58394 0.674193 0.120518 0.163018 0.00361702
8 0.471327 0.674819 0.113488 0.168988 0.00358024
6 0.584859 0.67537 0.119032 0.163999 0.00356879
21 0.472215 0.674615 0.111925 0.166198 0.00353561
20 0.471327 0.674819 0.113488 0.168988 0.00349973
11 0.583986 0.674947 0.120126 0.163682 0.00346898
21 0.584859 0.67537 0.119032 0.163999 0.00344759
6 0.471695 0.674624 0.11295 0.166766 0.00339631
5 0.583986 0.674947 0.120126 0.163682 0.00313658
17 0.348958 0.653253 0.109389 0.164228 0.00308875
20 0.58379 0.674212 0.117709 0.162284 0.00305398
6 0.348958 0.653253 0.109389 0.164228 0.00302063
2 0.348958 0.653253 0.109389 0.164228 0.00296327
8 0.348958 0.653253 0.109389 0.164228 0.00289921
0 0.584298 0.674547 0.118617 0.161906 0.00284131
22 0.348958 0.653253 0.109389 0.164228 0.00273215
0 0.473305 0.675363 0.113204 0.165219 0.00262595
21 0.348958 0.653253 0.109389 0.164228 0.00251318
5 0.471978 0.673703 0.112253 0.168837 0.0024962
20 0.348958 0.653253 0.109389 0.164228 0.00233621
15 0.584298 0.674547 0.118617 0.161906 0.00232728
0 0.350098 0.652948 0.107886 0.157753 0.00218184
15 0.473305 0.675363 0.113204 0.165219 0.00213727
9 0.472102 0.674636 0.113318 0.16748 0.00199941
5 0.348958 0.653253 0.109389 0.164228 0.00190461
5 0.81984 0.276333 0.111855 0.330586 0.00183412
9 0.583986 0.674947 0.120126 0.163682 0.00183095
11 0.181476 0.256686 0.0888855 0.0893814 0.00180104
12 0.472102 0.674636 0.113318 0.16748 0.00179265
12 0.583986 0.674947 0.120126 0.163682 0.0017625
18 0.471327 0.674819 0.113488 0.168988 0.00174785
3 0.472102 0.674636 0.113318 0.16748 0.00174142
3 0.583986 0.674947 0.120126 0.163682 0.00173791
18 0.583986 0.674947 0.120126 0.163682 0.00158874
16 0.471327 0.674819 0.113488 0.168988 0.00148543
9 0.348958 0.653253 0.109389 0.164228 0.00148338
15 0.350132 0.652955 0.107749 0.160316 0.00142673
16 0.584859 0.67537 0.119032 0.163999 0.0014258
12 0.348958 0.653253 0.109389 0.164228 0.00132332
3 0.348958 0.653253 0.109389 0.164228 0.00127545
13 0.471327 0.674819 0.113488 0.168988 0.00112561
13 0.583986 0.674947 0.120126 0.163682 0.00105734
19 0.473479 0.675458 0.111794 0.16721 0.00104986
19 0.584525 0.67456 0.117268 0.163131 0.0010162
18 0.348958 0.653253 0.109389 0.164228 0.00100151
