1 0.710986 0.569701 0.286397 0.232653 0.747937
1 0.402561 0.559451 0.299892 0.21021 0.474146
5 0.546561 0.77459 0.128006 0.0939471 0.0251698
4 0.55237 0.777136 0.126632 0.0945867 0.0197558
1 0.408222 0.484567 0.310191 0.397947 0.0115418
1 0.71179 0.491721 0.294323 0.393082 0.0106656
22 0.711112 0.570033 0.28952 0.232885 0.0040163
0 0.711112 0.570033 0.28952 0.232885 0.00394429
4 0.711112 0.570033 0.28952 0.232885 0.00384292
17 0.711112 0.570033 0.28952 0.232885 0.00314595
18 0.710173 0.571285 0.289869 0.228405 0.00309557
2 0.711112 0.570033 0.28952 0.232885 0.00308337
3 0.711112 0.570033 0.28952 0.232885 0.00289468
1 0.710338 0.570119 0.168895 0.22772 0.00281905
8 0.711112 0.570033 0.28952 0.232885 0.00268033
7 0.711112 0.570033 0.28952 0.232885 0.00261686
5 0.710173 0.571285 0.289869 0.228405 0.0025922
15 0.711112 0.570033 0.28952 0.232885 0.002408
6 0.711112 0.570033 0.28952 0.232885 0.00227641
10 0.711112 0.570033 0.28952 0.232885 0.00209088
22 0.401682 0.559195 0.295652 0.205315 0.00208977
11 0.711112 0.570033 0.28952 0.232885 0.0020687
17 0.402961 0.557453 0.302357 0.210348 0.00206687
14 0.711112 0.570033 0.28952 0.232885 0.00206315
21 0.711112 0.570033 0.28952 0.232885 0.0020457
20 0.711112 0.570033 0.28952 0.232885 0.00200788
16 0.711112 0.570033 0.28952 0.232885 0.00195831
12 0.711112 0.570033 0.28952 0.232885 0.00193948
0 0.401682 0.559195 0.295652 0.205315 0.00193541
1 0.394578 0.556558 0.168202 0.199312 0.00183016
4 0.401682 0.559195 0.295652 0.205315 0.00173597
9 0.711112 0.570033 0.28952 0.232885 0.00170948
13 0.711112 0.570033 0.28952 0.232885 0.00164569
18 0.401682 0.559195 0.295652 0.205315 0.00156952
19 0.710173 0.571285 0.289869 0.228405 0.00156821
5 0.401682 0.559195 0.295652 0.205315 0.00154183
7 0.401682 0.559195 0.295652 0.205315 0.0014658
2 0.401682 0.559195 0.295652 0.205315 0.00146093
8 0.401682 0.559195 0.295652 0.205315 0.00142607
3 0.401682 0.559195 0.295652 0.205315 0.00135627
11 0.401682 0.559195 0.295652 0.205315 0.00132115
10 0.401682 0.559195 0.295652 0.205315 0.00130294
15 0.401682 0.559195 0.295652 0.205315 0.00120608
14 0.401682 0.559195 0.295652 0.205315 0.00110933
6 0.401682 0.559195 0.295652 0.205315 0.00109439
20 0.401682 0.559195 0.295652 0.205315 0.00106091
16 0.401682 0.559195 0.295652 0.205315 0.00106075
21 0.401682 0.559195 0.295652 0.205315 0.00103609
12 0.401682 0.559195 0.295652 0.205315 0.00100524
