5 0.428351 0.680815 0.427238 0.296826 0.697209
8 0.428462 0.678448 0.430705 0.299555 0.00641254
7 0.428462 0.678448 0.430705 0.299555 0.00480135
22 0.429837 0.678129 0.432583 0.305418 0.00386856
19 0.428462 0.678448 0.430705 0.299555 0.00350323
1 0.429837 0.678129 0.432583 0.305418 0.00336367
17 0.428462 0.678448 0.430705 0.299555 0.0031785
4 0.428462 0.678448 0.430705 0.299555 0.00288888
13 0.42414 0.681211 0.435765 0.297209 0.00198758
14 0.428462 0.678448 0.430705 0.299555 0.00196976
18 0.428462 0.678448 0.430705 0.299555 0.00166794
10 0.428462 0.678448 0.430705 0.299555 0.00163559
11 0.428462 0.678448 0.430705 0.299555 0.0015563
16 0.428462 0.678448 0.430705 0.299555 0.00138177
20 0.428462 0.678448 0.430705 0.299555 0.00137423
2 0.428462 0.678448 0.430705 0.299555 0.00137145
6 0.42414 0.681211 0.435765 0.297209 0.00134777
3 0.429837 0.678129 0.432583 0.305418 0.00131237
9 0.42414 0.681211 0.435765 0.297209 0.00126304
21 0.428462 0.678448 0.430705 0.299555 0.00124039
12 0.425217 0.683931 0.425932 0.290633 0.00111536
