5 0.619783 0.650332 0.164088 0.326868 0.928196
5 0.45701 0.66864 0.200579 0.305226 0.924625
1 0.45696 0.668306 0.203038 0.305563 0.00460442
19 0.619775 0.649232 0.165378 0.326633 0.0044115
19 0.45696 0.668306 0.203038 0.305563 0.00384066
1 0.619396 0.649599 0.171528 0.335452 0.00364587
8 0.45696 0.668306 0.203038 0.305563 0.00360483
14 0.457445 0.668355 0.204068 0.31119 0.00352411
4 0.45696 0.668306 0.203038 0.305563 0.00352025
14 0.619775 0.649232 0.165378 0.326633 0.00341021
8 0.619775 0.649232 0.165378 0.326633 0.0033576
6 0.619396 0.649599 0.171528 0.335452 0.00326734
7 0.457445 0.668355 0.204068 0.31119 0.00316143
18 0.619396 0.649599 0.171528 0.335452 0.00310044
11 0.457445 0.668355 0.204068 0.31119 0.00309797
6 0.45696 0.668306 0.203038 0.305563 0.00306216
11 0.619396 0.649599 0.171528 0.335452 0.00301625
4 0.619775 0.649232 0.165378 0.326633 0.00295225
10 0.457445 0.668355 0.204068 0.31119 0.00294997
7 0.619775 0.649232 0.165378 0.326633 0.002946
10 0.619775 0.649232 0.165378 0.326633 0.00280694
0 0.45696 0.668306 0.203038 0.305563 0.00279249
0 0.619396 0.649599 0.171528 0.335452 0.00277994
18 0.457445 0.668355 0.204068 0.31119 0.00272393
17 0.457445 0.668355 0.204068 0.31119 0.00261607
17 0.619819 0.651772 0.16653 0.336954 0.00232207
22 0.45696 0.668306 0.203038 0.305563 0.00228264
15 0.619775 0.649232 0.165378 0.326633 0.00224511
13 0.619396 0.649599 0.171528 0.335452 0.00223032
20 0.619396 0.649599 0.171528 0.335452 0.0021837
16 0.619819 0.651772 0.16653 0.336954 0.00217729
22 0.619775 0.649232 0.165378 0.326633 0.002124
9 0.619775 0.649232 0.165378 0.326633 0.00211173
15 0.457445 0.668355 0.204068 0.31119 0.00209976
20 0.457445 0.668355 0.204068 0.31119 0.00206725
13 0.45696 0.668306 0.203038 0.305563 0.00204095
12 0.619775 0.649232 0.165378 0.326633 0.00195003
21 0.619396 0.649599 0.171528 0.335452 0.00194652
16 0.457445 0.668355 0.204068 0.31119 0.00190347
9 0.45696 0.668306 0.203038 0.305563 0.00188903
3 0.619775 0.649232 0.165378 0.326633 0.00187762
12 0.45696 0.668306 0.203038 0.305563 0.00185307
3 0.45696 0.668306 0.203038 0.305563 0.00182774
2 0.619775 0.649232 0.165378 0.326633 0.00179209
2 0.45696 0.668306 0.203038 0.305563 0.00168068
21 0.45696 0.668306 0.203038 0.305563 0.00167039
