5 0.495926 0.534381 0.494324 0.673479 0.775529
5 0.853451 0.63061 0.284611 0.399657 0.370976
19 0.859595 0.623818 0.269764 0.419755 0.123001
7 0.849982 0.63441 0.283407 0.415005 0.0351953
14 0.862382 0.633723 0.263806 0.393681 0.0207819
1 0.495926 0.534381 0.494324 0.673479 0.0114706
5 0.817968 0.541929 0.316595 0.523468 0.00633715
7 0.495926 0.534381 0.494324 0.673479 0.00577209
17 0.861902 0.634122 0.265235 0.419431 0.00533707
19 0.495926 0.534381 0.494324 0.673479 0.00377471
4 0.851964 0.631692 0.274747 0.398068 0.00319669
4 0.495926 0.534381 0.494324 0.673479 0.00307609
5 0.391235 0.562867 0.29535 0.538252 0.00274883
22 0.855325 0.632285 0.255601 0.394138 0.00239806
8 0.495926 0.534381 0.494324 0.673479 0.00233334
22 0.495926 0.534381 0.494324 0.673479 0.00229364
3 0.857118 0.632092 0.270299 0.400105 0.00224421
13 0.851964 0.631692 0.274747 0.398068 0.00214455
15 0.851964 0.631692 0.274747 0.398068 0.00213327
16 0.853451 0.63061 0.284611 0.399657 0.00210266
18 0.495926 0.534381 0.494324 0.673479 0.00209677
1 0.855325 0.632285 0.255601 0.394138 0.00205178
6 0.851964 0.631692 0.274747 0.398068 0.00203159
20 0.495926 0.534381 0.494324 0.673479 0.0019882
18 0.853451 0.63061 0.284611 0.399657 0.00193512
6 0.495926 0.534381 0.494324 0.673479 0.00190224
3 0.495926 0.534381 0.494324 0.673479 0.0018458
8 0.851964 0.631692 0.274747 0.398068 0.00180359
15 0.495926 0.534381 0.494324 0.673479 0.00161164
5 0.48353 0.534805 0.350455 0.569627 0.00160174
12 0.493285 0.536295 0.514176 0.641253 0.00148317
13 0.495926 0.534381 0.494324 0.673479 0.0013343
14 0.495926 0.534381 0.494324 0.673479 0.00130525
10 0.495926 0.534381 0.494324 0.673479 0.00127496
11 0.851964 0.631692 0.274747 0.398068 0.00126556
2 0.855325 0.632285 0.255601 0.394138 0.0012574
20 0.853451 0.63061 0.284611 0.399657 0.0012551
2 0.495926 0.534381 0.494324 0.673479 0.00124552
16 0.495926 0.534381 0.494324 0.673479 0.00117679
21 0.851964 0.631692 0.274747 0.398068 0.00114661
11 0.495926 0.534381 0.494324 0.673479 0.00113837
21 0.495926 0.534381 0.494324 0.673479 0.00112648
9 0.853451 0.63061 0.284611 0.399657 0.00109369
12 0.853451 0.63061 0.284611 0.399657 0.00107384
