4 0.4231 0.564508 0.112085 0.249137 0.80863
4 0.302516 0.527139 0.113256 0.260788 0.736172
4 0.545439 0.596497 0.141053 0.231471 0.698652
8 0.657694 0.632856 0.221888 0.279756 0.619844
4 0.662453 0.631779 0.20375 0.274639 0.256852
4 0.590137 0.625666 0.255641 0.281106 0.198798
4 0.568896 0.422471 0.118111 0.117164 0.136166
8 0.59059 0.626509 0.254297 0.274337 0.132195
8 0.54401 0.610954 0.147201 0.268055 0.0268862
10 0.663688 0.633881 0.216 0.267384 0.0237561
11 0.662537 0.629447 0.217137 0.271737 0.0197708
5 0.66185 0.630739 0.197751 0.274588 0.0174025
19 0.66185 0.630739 0.197751 0.274588 0.00892077
1 0.659702 0.632019 0.220622 0.276725 0.0083487
8 0.423149 0.56448 0.110918 0.250924 0.00748914
8 0.56814 0.419903 0.120619 0.120425 0.00736239
14 0.657765 0.631564 0.226584 0.279654 0.00712424
22 0.659702 0.632019 0.220622 0.276725 0.00646665
2 0.659702 0.632019 0.220622 0.276725 0.0057765
20 0.659702 0.632019 0.220622 0.276725 0.00561403
15 0.657765 0.631564 0.226584 0.279654 0.00554482
21 0.659702 0.632019 0.220622 0.276725 0.00535388
13 0.662537 0.629447 0.217137 0.271737 0.00458486
1 0.422516 0.563807 0.117472 0.241722 0.00421958
17 0.594853 0.627373 0.246255 0.272686 0.004172
17 0.657765 0.631564 0.226584 0.279654 0.00404646
1 0.303603 0.526216 0.111698 0.254288 0.00403593
14 0.56814 0.419903 0.120619 0.120425 0.00385585
8 0.303603 0.526216 0.111698 0.254288 0.00357666
5 0.594853 0.627373 0.246255 0.272686 0.00343626
15 0.423171 0.563972 0.11467 0.247883 0.00342624
8 0.587789 0.63525 0.14906 0.281978 0.00331982
6 0.659702 0.632019 0.220622 0.276725 0.00329565
16 0.659702 0.632019 0.220622 0.276725 0.00328118
3 0.659702 0.632019 0.220622 0.276725 0.00305543
5 0.545824 0.598721 0.14921 0.225041 0.00302426
11 0.422516 0.563807 0.117472 0.241722 0.00291258
11 0.303603 0.526216 0.111698 0.254288 0.00269886
17 0.303603 0.526216 0.111698 0.254288 0.00269264
19 0.594853 0.627373 0.246255 0.272686 0.00269106
18 0.659702 0.632019 0.220622 0.276725 0.00269011
22 0.4231 0.564508 0.112085 0.249137 0.00266944
12 0.659702 0.632019 0.220622 0.276725 0.00262316
22 0.303603 0.526216 0.111698 0.254288 0.00257865
7 0.659702 0.632019 0.220622 0.276725 0.00256749
22 0.544839 0.597617 0.141081 0.232192 0.00250077
15 0.303918 0.525178 0.110006 0.255449 0.00249507
9 0.659702 0.632019 0.220622 0.276725 0.00248988
19 0.422516 0.563807 0.117472 0.241722 0.00243487
0 0.657765 0.631564 0.226584 0.279654 0.00241497
19 0.545824 0.598721 0.14921 0.225041 0.00241249
5 0.422516 0.563807 0.117472 0.241722 0.00237935
14 0.422516 0.563807 0.117472 0.241722 0.00234717
0 0.303603 0.526216 0.111698 0.254288 0.00226064
22 0.594853 0.627373 0.246255 0.272686 0.002253
17 0.422516 0.563807 0.117472 0.241722 0.00223222
15 0.545439 0.596497 0.141053 0.231471 0.00202426
1 0.544839 0.597617 0.141081 0.232192 0.00201923
0 0.423283 0.563351 0.115832 0.244512 0.00201112
1 0.594853 0.627373 0.246255 0.272686 0.00199022
10 0.303603 0.526216 0.111698 0.254288 0.00196108
10 0.423171 0.563972 0.11467 0.247883 0.00192888
5 0.303603 0.526216 0.111698 0.254288 0.00192219
11 0.546799 0.593252 0.137847 0.224015 0.00189114
19 0.302516 0.527139 0.113256 0.260788 0.00188795
17 0.547121 0.593245 0.135035 0.216726 0.00186494
2 0.42348 0.564149 0.113068 0.247808 0.00182692
2 0.302516 0.527139 0.113256 0.260788 0.00171095
0 0.545439 0.596497 0.141053 0.231471 0.00166882
14 0.302516 0.527139 0.113256 0.260788 0.00162272
18 0.4231 0.564508 0.112085 0.249137 0.00160564
12 0.422645 0.565007 0.115658 0.245402 0.00157669
16 0.422645 0.565007 0.115658 0.245402 0.00155513
13 0.4231 0.564508 0.112085 0.249137 0.00155103
12 0.302516 0.527139 0.113256 0.260788 0.00154302
2 0.545824 0.598721 0.14921 0.225041 0.00153782
18 0.303603 0.526216 0.111698 0.254288 0.00152038
21 0.422645 0.565007 0.115658 0.245402 0.00149178
20 0.422645 0.565007 0.115658 0.245402 0.00149104
16 0.545824 0.598721 0.14921 0.225041 0.00139131
14 0.594853 0.627373 0.246255 0.272686 0.00137636
10 0.545439 0.596497 0.141053 0.231471 0.00136525
14 0.545824 0.598721 0.14921 0.225041 0.00136497
16 0.303603 0.526216 0.111698 0.254288 0.00135628
20 0.545824 0.598721 0.14921 0.225041 0.00135622
21 0.302516 0.527139 0.113256 0.260788 0.00130619
7 0.594853 0.627373 0.246255 0.272686 0.00129972
2 0.594853 0.627373 0.246255 0.272686 0.00129077
10 0.594853 0.627373 0.246255 0.272686 0.00128098
5 0.569567 0.419468 0.111788 0.119518 0.0012687
9 0.422516 0.563807 0.117472 0.241722 0.00125664
13 0.545439 0.596497 0.141053 0.231471 0.00125593
12 0.544839 0.597617 0.141081 0.232192 0.0012529
11 0.594853 0.627373 0.246255 0.272686 0.0012479
20 0.302516 0.527139 0.113256 0.260788 0.00123878
15 0.594853 0.627373 0.246255 0.272686 0.00122915
9 0.303603 0.526216 0.111698 0.254288 0.00118387
21 0.544839 0.597617 0.141081 0.232192 0.00114551
9 0.545439 0.596497 0.141053 0.231471 0.00112307
3 0.422516 0.563807 0.117472 0.241722 0.00112111
11 0.56814 0.419903 0.120619 0.120425 0.0011147
20 0.594853 0.627373 0.246255 0.272686 0.00110188
7 0.422645 0.565007 0.115658 0.245402 0.00110146
16 0.594853 0.627373 0.246255 0.272686 0.00108321
18 0.544839 0.597617 0.141081 0.232192 0.00106913
13 0.302516 0.527139 0.113256 0.260788 0.00100869
6 0.422516 0.563807 0.117472 0.241722 0.00100057
