1 0.285021 0.252458 0.298468 0.317581 0.925088
1 0.611886 0.271352 0.336811 0.303445 0.914624
17 0.284829 0.25195 0.304592 0.318219 0.00558246
1 0.283933 0.253038 0.169778 0.303193 0.00495386
17 0.611214 0.27144 0.336505 0.309971 0.00433299
4 0.284232 0.251604 0.30337 0.3152 0.00420709
0 0.284829 0.25195 0.304592 0.318219 0.00409992
22 0.284232 0.251604 0.30337 0.3152 0.00407314
4 0.611721 0.271429 0.338383 0.304082 0.00406807
0 0.611721 0.271429 0.338383 0.304082 0.00393525
1 0.607822 0.272233 0.166192 0.303787 0.00393094
22 0.611214 0.27144 0.336505 0.309971 0.00390243
18 0.284232 0.251604 0.30337 0.3152 0.00384863
18 0.611214 0.27144 0.336505 0.309971 0.00368302
2 0.284232 0.251604 0.30337 0.3152 0.00364149
3 0.611721 0.271429 0.338383 0.304082 0.00338348
2 0.611721 0.271429 0.338383 0.304082 0.00337344
8 0.284232 0.251604 0.30337 0.3152 0.00335304
7 0.284232 0.251604 0.30337 0.3152 0.00330188
8 0.611721 0.271429 0.338383 0.304082 0.00327423
3 0.284232 0.251604 0.30337 0.3152 0.00324709
7 0.611721 0.271429 0.338383 0.304082 0.00324293
5 0.611721 0.271429 0.338383 0.304082 0.00314067
15 0.284232 0.251604 0.30337 0.3152 0.0030165
15 0.611721 0.271429 0.338383 0.304082 0.00295346
5 0.284232 0.251604 0.30337 0.3152 0.00280251
11 0.284829 0.25195 0.304592 0.318219 0.0025712
6 0.284829 0.25195 0.304592 0.318219 0.002522
14 0.284232 0.251604 0.30337 0.3152 0.00246683
21 0.284232 0.251604 0.30337 0.3152 0.00238136
21 0.611721 0.271429 0.338383 0.304082 0.00235623
6 0.611721 0.271429 0.338383 0.304082 0.00234604
11 0.611214 0.27144 0.336505 0.309971 0.00229784
10 0.611214 0.27144 0.336505 0.309971 0.00216167
20 0.284232 0.251604 0.30337 0.3152 0.00215229
16 0.284232 0.251604 0.30337 0.3152 0.00214556
20 0.611214 0.27144 0.336505 0.309971 0.00214217
14 0.611721 0.271429 0.338383 0.304082 0.00211516
16 0.611214 0.27144 0.336505 0.309971 0.00209104
12 0.284232 0.251604 0.30337 0.3152 0.00206969
10 0.284232 0.251604 0.30337 0.3152 0.00202428
12 0.611721 0.271429 0.338383 0.304082 0.0019667
19 0.284232 0.251604 0.30337 0.3152 0.0018829
19 0.611214 0.27144 0.336505 0.309971 0.00182959
9 0.611214 0.27144 0.336505 0.309971 0.00176776
9 0.284232 0.251604 0.30337 0.3152 0.00176408
13 0.284232 0.251604 0.30337 0.3152 0.00173769
13 0.611214 0.27144 0.336505 0.309971 0.00169456
