15 0.542147 0.536465 0.217613 0.366971 0.912434
14 0.540584 0.535594 0.227764 0.385106 0.0287908
1 0.537206 0.533536 0.229265 0.385907 0.0159807
16 0.540359 0.5352 0.217285 0.362138 0.0117572
21 0.537206 0.533536 0.229265 0.385907 0.0111458
7 0.541577 0.53878 0.219395 0.365938 0.0106007
4 0.539232 0.53428 0.226354 0.387483 0.0104318
3 0.541577 0.53878 0.219395 0.365938 0.00862212
6 0.537206 0.533536 0.229265 0.385907 0.00765849
18 0.537206 0.533536 0.229265 0.385907 0.00695923
2 0.540584 0.535594 0.227764 0.385106 0.00693268
5 0.539232 0.53428 0.226354 0.387483 0.00504073
13 0.540584 0.535594 0.227764 0.385106 0.00484701
8 0.539232 0.53428 0.226354 0.387483 0.00446994
19 0.539232 0.53428 0.226354 0.387483 0.00428828
11 0.539232 0.53428 0.226354 0.387483 0.00421576
10 0.540584 0.535594 0.227764 0.385106 0.00406254
17 0.539232 0.53428 0.226354 0.387483 0.00391247
20 0.539232 0.53428 0.226354 0.387483 0.00361924
9 0.537206 0.533536 0.229265 0.385907 0.00340039
12 0.537206 0.533536 0.229265 0.385907 0.00332335
22 0.540584 0.535594 0.227764 0.385106 0.00157716
0 0.539232 0.53428 0.226354 0.387483 0.00155012
