11 0.521582 0.643422 0.111706 0.230594 0.899792
17 0.5535 0.613715 0.322159 0.341081 0.59649
17 0.523083 0.642359 0.107375 0.229939 0.272721
11 0.553183 0.617487 0.309023 0.330014 0.0562877
13 0.556949 0.81225 0.123868 0.07374 0.0462275
17 0.529933 0.624607 0.194622 0.287986 0.038746
7 0.560744 0.610087 0.337667 0.331498 0.0215762
11 0.529933 0.624607 0.194622 0.287986 0.0208292
0 0.52072 0.643372 0.114394 0.230746 0.00955539
1 0.519151 0.641487 0.104794 0.214207 0.00859136
22 0.560266 0.609318 0.326563 0.333328 0.0062972
10 0.5535 0.613715 0.322159 0.341081 0.00542302
3 0.519274 0.644427 0.112972 0.230119 0.0050897
14 0.5535 0.613715 0.322159 0.341081 0.00413292
4 0.556949 0.81225 0.123868 0.07374 0.00411081
1 0.521818 0.6245 0.243306 0.29179 0.00402574
10 0.519151 0.641487 0.104794 0.214207 0.00377939
15 0.52072 0.643372 0.114394 0.230746 0.00347832
15 0.53719 0.622459 0.292287 0.351053 0.0034133
19 0.53719 0.622459 0.292287 0.351053 0.00332496
20 0.53719 0.622459 0.292287 0.351053 0.00328886
8 0.53719 0.622459 0.292287 0.351053 0.00316688
8 0.523083 0.642359 0.107375 0.229939 0.00302365
16 0.557541 0.811665 0.0953742 0.0744365 0.00281867
20 0.52072 0.643372 0.114394 0.230746 0.00274705
12 0.53719 0.622459 0.292287 0.351053 0.00259618
14 0.52072 0.643372 0.114394 0.230746 0.00259068
16 0.53719 0.622459 0.292287 0.351053 0.00252021
18 0.53719 0.622459 0.292287 0.351053 0.00249164
4 0.519151 0.641487 0.104794 0.214207 0.00241048
9 0.53719 0.622459 0.292287 0.351053 0.00231169
0 0.552313 0.615482 0.312566 0.33736 0.00229341
4 0.53719 0.622459 0.292287 0.351053 0.00212885
6 0.53719 0.622459 0.292287 0.351053 0.00207603
18 0.519274 0.644427 0.112972 0.230119 0.00206489
13 0.52072 0.643372 0.114394 0.230746 0.00206091
17 0.785562 0.804818 0.404341 0.127001 0.00204593
16 0.52072 0.643372 0.114394 0.230746 0.00200516
2 0.53719 0.622459 0.292287 0.351053 0.0020006
21 0.53719 0.622459 0.292287 0.351053 0.00199304
13 0.53719 0.622459 0.292287 0.351053 0.00195627
12 0.523083 0.642359 0.107375 0.229939 0.00190153
3 0.53719 0.622459 0.292287 0.351053 0.0018898
9 0.52072 0.643372 0.114394 0.230746 0.00179861
5 0.5535 0.613715 0.322159 0.341081 0.00179664
21 0.521337 0.645429 0.112882 0.234429 0.0016708
7 0.52072 0.643372 0.114394 0.230746 0.00164635
6 0.52072 0.643372 0.114394 0.230746 0.00161238
17 0.54613 0.662337 0.262223 0.279449 0.00158293
2 0.52072 0.643372 0.114394 0.230746 0.00146627
19 0.52072 0.643372 0.114394 0.230746 0.00142572
13 0.578406 0.816613 0.107148 0.0635079 0.00117084
20 0.556949 0.81225 0.123868 0.07374 0.00104507
13 0.577543 0.819002 0.0596837 0.0691803 0.00103367
22 0.521337 0.645429 0.112882 0.234429 0.00100422
