5 0.610752 0.561823 0.194841 0.349781 0.751359
4 0.610752 0.561823 0.194841 0.349781 0.00550408
8 0.610752 0.561823 0.194841 0.349781 0.00427617
11 0.610752 0.561823 0.194841 0.349781 0.00421991
1 0.610752 0.561823 0.194841 0.349781 0.00415481
14 0.610752 0.561823 0.194841 0.349781 0.00370594
10 0.610752 0.561823 0.194841 0.349781 0.00359387
19 0.610752 0.561823 0.194841 0.349781 0.00352411
0 0.610752 0.561823 0.194841 0.349781 0.00306166
6 0.610752 0.561823 0.194841 0.349781 0.00289121
17 0.610864 0.564289 0.196561 0.35668 0.00272288
22 0.610752 0.561823 0.194841 0.349781 0.00249457
18 0.610752 0.561823 0.194841 0.349781 0.00242927
20 0.610752 0.561823 0.194841 0.349781 0.00210131
5 0.575729 0.545915 0.142246 0.319219 0.00208006
7 0.610752 0.561823 0.194841 0.349781 0.00202317
16 0.610752 0.561823 0.194841 0.349781 0.00186234
5 0.654402 0.604597 0.270073 0.385238 0.00185895
12 0.610752 0.561823 0.194841 0.349781 0.00182887
13 0.610752 0.561823 0.194841 0.349781 0.00181824
9 0.610752 0.561823 0.194841 0.349781 0.00171982
15 0.610752 0.561823 0.194841 0.349781 0.00170598
2 0.610752 0.561823 0.194841 0.349781 0.00165909
3 0.610752 0.561823 0.194841 0.349781 0.00165193
21 0.610752 0.561823 0.194841 0.349781 0.00151787
