1 0.489861 0.500613 0.217281 0.223857 0.843677
1 0.763371 0.59163 0.185352 0.19016 0.485348
0 0.763831 0.591497 0.18785 0.186394 0.00790291
0 0.490207 0.500213 0.226809 0.22631 0.00623303
4 0.488925 0.500744 0.21992 0.223195 0.00498401
17 0.763831 0.591497 0.18785 0.186394 0.00422667
5 0.488925 0.500744 0.21992 0.223195 0.00410148
22 0.488925 0.500744 0.21992 0.223195 0.00398785
1 0.9235 0.0728947 0.0866291 0.138076 0.00398677
22 0.764894 0.592864 0.19162 0.189824 0.00398452
4 0.764894 0.592864 0.19162 0.189824 0.00396791
18 0.488925 0.500744 0.21992 0.223195 0.00393313
8 0.488925 0.500744 0.21992 0.223195 0.00383334
2 0.488925 0.500744 0.21992 0.223195 0.00377334
17 0.488925 0.500744 0.21992 0.223195 0.0037645
15 0.488925 0.500744 0.21992 0.223195 0.00343272
3 0.488925 0.500744 0.21992 0.223195 0.00320419
14 0.488925 0.500744 0.21992 0.223195 0.00316967
10 0.488925 0.500744 0.21992 0.223195 0.00286115
7 0.488925 0.500744 0.21992 0.223195 0.00281328
11 0.488925 0.500744 0.21992 0.223195 0.00280525
20 0.488925 0.500744 0.21992 0.223195 0.00273408
21 0.488925 0.500744 0.21992 0.223195 0.00266789
5 0.763537 0.592559 0.185017 0.190856 0.00262901
6 0.488925 0.500744 0.21992 0.223195 0.00258342
12 0.488925 0.500744 0.21992 0.223195 0.00253882
16 0.488925 0.500744 0.21992 0.223195 0.00251929
8 0.764894 0.592864 0.19162 0.189824 0.00248986
2 0.764894 0.592864 0.19162 0.189824 0.00247898
18 0.764894 0.592864 0.19162 0.189824 0.00243658
11 0.764894 0.592864 0.19162 0.189824 0.00234692
9 0.488925 0.500744 0.21992 0.223195 0.00232485
14 0.763537 0.592559 0.185017 0.190856 0.00218814
10 0.763537 0.592559 0.185017 0.190856 0.0020887
7 0.763537 0.592559 0.185017 0.190856 0.00207054
3 0.763537 0.592559 0.185017 0.190856 0.00204029
19 0.488925 0.500744 0.21992 0.223195 0.00202561
13 0.488925 0.500744 0.21992 0.223195 0.00198314
20 0.763537 0.592559 0.185017 0.190856 0.00186572
6 0.764894 0.592864 0.19162 0.189824 0.0017557
12 0.764894 0.592864 0.19162 0.189824 0.00171902
16 0.764894 0.592864 0.19162 0.189824 0.00169052
15 0.763537 0.592559 0.185017 0.190856 0.00165161
21 0.763537 0.592559 0.185017 0.190856 0.00160734
9 0.764894 0.592864 0.19162 0.189824 0.00159502
13 0.764894 0.592864 0.19162 0.189824 0.00138228
19 0.763537 0.592559 0.185017 0.190856 0.00130717
