7 0.530251 0.717169 0.278115 0.205885 0.684787
5 0.532848 0.718372 0.281936 0.20962 0.384945
22 0.531868 0.717348 0.280685 0.211743 0.100642
0 0.533935 0.710171 0.280955 0.212033 0.0400237
0 0.304903 0.541774 0.0944679 0.0944616 0.0189149
13 0.530535 0.71624 0.282198 0.21099 0.0147822
1 0.533935 0.710171 0.280955 0.212033 0.0136308
19 0.52979 0.71602 0.270409 0.216537 0.0115308
14 0.52979 0.71602 0.270409 0.216537 0.0102536
3 0.527209 0.717051 0.276029 0.20982 0.00931202
16 0.530251 0.717169 0.278115 0.205885 0.00472668
17 0.528005 0.716624 0.270383 0.20628 0.00459604
0 0.542559 0.552942 0.100059 0.0835722 0.0034742
21 0.528005 0.716624 0.270383 0.20628 0.00328102
6 0.52979 0.71602 0.270409 0.216537 0.00294821
2 0.528005 0.716624 0.270383 0.20628 0.00288535
4 0.532848 0.718372 0.281936 0.20962 0.0027908
15 0.528245 0.715952 0.269061 0.205862 0.00251292
8 0.52979 0.71602 0.270409 0.216537 0.00243316
18 0.52979 0.71602 0.270409 0.216537 0.00236292
9 0.528245 0.715952 0.269061 0.205862 0.00218735
11 0.52979 0.71602 0.270409 0.216537 0.00182708
12 0.528005 0.716624 0.270383 0.20628 0.00176885
20 0.52979 0.71602 0.270409 0.216537 0.00156596
