5 0.455107 0.659887 0.147327 0.273194 0.925536
5 0.577329 0.657946 0.198148 0.267141 0.919716
1 0.49194 0.463644 0.153744 0.177704 0.593226
5 0.308181 0.684268 0.173941 0.291293 0.242266
0 0.493044 0.464789 0.144773 0.176315 0.20775
1 0.340871 0.467499 0.180447 0.181316 0.0110805
5 0.493013 0.462896 0.148263 0.179998 0.00869394
22 0.492217 0.464623 0.147135 0.179819 0.00826639
3 0.492217 0.464623 0.147135 0.179819 0.00692614
18 0.492217 0.464623 0.147135 0.179819 0.00652086
1 0.576084 0.657553 0.204094 0.270639 0.00645254
19 0.577641 0.657629 0.201749 0.267943 0.00401916
4 0.576084 0.657553 0.204094 0.270639 0.00378964
11 0.492253 0.460757 0.14543 0.17905 0.00366854
10 0.577641 0.657629 0.201749 0.267943 0.00366007
6 0.577641 0.657629 0.201749 0.267943 0.00365092
14 0.576084 0.657553 0.204094 0.270639 0.00365065
19 0.455461 0.657778 0.151478 0.27211 0.00347761
8 0.577641 0.657629 0.201749 0.267943 0.00336854
1 0.45544 0.658181 0.156938 0.277285 0.00327228
0 0.576084 0.657553 0.204094 0.270639 0.0032414
18 0.576084 0.657553 0.204094 0.270639 0.00314654
7 0.576084 0.657553 0.204094 0.270639 0.0031449
11 0.577641 0.657629 0.201749 0.267943 0.00308564
4 0.455461 0.657778 0.151478 0.27211 0.00303393
8 0.455461 0.657778 0.151478 0.27211 0.00285125
14 0.45544 0.658181 0.156938 0.277285 0.00271699
8 0.491252 0.464085 0.163701 0.176228 0.00258104
6 0.455461 0.657778 0.151478 0.27211 0.00255652
7 0.455606 0.659617 0.153124 0.272398 0.00253178
2 0.491252 0.464085 0.163701 0.176228 0.00251843
18 0.45544 0.658181 0.156938 0.277285 0.00245805
11 0.455461 0.657778 0.151478 0.27211 0.00243581
7 0.493003 0.464343 0.145505 0.18065 0.00241008
13 0.576084 0.657553 0.204094 0.270639 0.00239117
0 0.455461 0.657778 0.151478 0.27211 0.0023767
10 0.455461 0.657778 0.151478 0.27211 0.0023345
4 0.491252 0.464085 0.163701 0.176228 0.00233031
20 0.577641 0.657629 0.201749 0.267943 0.00231754
15 0.577641 0.657629 0.201749 0.267943 0.00230453
22 0.577641 0.657629 0.201749 0.267943 0.0022643
13 0.493003 0.464343 0.145505 0.18065 0.00217236
17 0.493261 0.463254 0.14905 0.178151 0.0021344
9 0.577641 0.657629 0.201749 0.267943 0.00211806
16 0.576084 0.657553 0.204094 0.270639 0.00208093
17 0.577641 0.657629 0.201749 0.267943 0.00207842
3 0.577641 0.657629 0.201749 0.267943 0.002047
12 0.576084 0.657553 0.204094 0.270639 0.00202951
20 0.493013 0.462896 0.148263 0.179998 0.00202411
21 0.576084 0.657553 0.204094 0.270639 0.00199224
15 0.455606 0.659617 0.153124 0.272398 0.00198899
6 0.491252 0.464085 0.163701 0.176228 0.00196122
9 0.455461 0.657778 0.151478 0.27211 0.00196032
2 0.577641 0.657629 0.201749 0.267943 0.00194879
13 0.45544 0.658181 0.156938 0.277285 0.00193751
22 0.455461 0.657778 0.151478 0.27211 0.00193137
12 0.455461 0.657778 0.151478 0.27211 0.00186918
14 0.491252 0.464085 0.163701 0.176228 0.00182228
9 0.491252 0.464085 0.163701 0.176228 0.00181264
17 0.455461 0.657778 0.151478 0.27211 0.00180561
20 0.455461 0.657778 0.151478 0.27211 0.00179143
16 0.491252 0.464085 0.163701 0.176228 0.00177274
12 0.491252 0.464085 0.163701 0.176228 0.00174286
16 0.455461 0.657778 0.151478 0.27211 0.00172739
10 0.491252 0.464085 0.163701 0.176228 0.0017074
21 0.455461 0.657778 0.151478 0.27211 0.00162879
21 0.491252 0.464085 0.163701 0.176228 0.00161714
3 0.455461 0.657778 0.151478 0.27211 0.00157835
15 0.491252 0.464085 0.163701 0.176228 0.00156965
19 0.493261 0.463254 0.14905 0.178151 0.00155816
2 0.455461 0.657778 0.151478 0.27211 0.00151992
