15 0.431419 0.619856 0.131019 0.228661 0.933712
15 0.294137 0.606504 0.128423 0.222666 0.917341
15 0.570189 0.604431 0.121312 0.190325 0.886666
14 0.217477 0.789969 0.161349 0.132384 0.334481
15 0.701415 0.597125 0.11419 0.176246 0.299147
1 0.219816 0.79035 0.147501 0.131255 0.0528638
14 0.570833 0.60345 0.123391 0.186938 0.00746965
11 0.214819 0.792057 0.162016 0.134185 0.0073793
16 0.570697 0.605517 0.126218 0.190863 0.00728622
18 0.570697 0.605517 0.126218 0.190863 0.0067777
1 0.293666 0.605724 0.131889 0.214511 0.0064237
16 0.294267 0.6067 0.130307 0.222268 0.0062285
4 0.293543 0.606334 0.131498 0.221028 0.0060715
16 0.431044 0.618879 0.132196 0.221484 0.00571839
8 0.215943 0.792854 0.162451 0.133516 0.00570526
14 0.293666 0.605724 0.131889 0.214511 0.00560791
7 0.293123 0.605884 0.130446 0.221734 0.00532481
14 0.431814 0.618997 0.134752 0.223503 0.00525747
21 0.56961 0.604266 0.122908 0.187587 0.00510728
18 0.294512 0.605988 0.130119 0.226604 0.00491829
21 0.431814 0.618997 0.134752 0.223503 0.00487063
7 0.570697 0.605517 0.126218 0.190863 0.00485032
4 0.431814 0.618997 0.134752 0.223503 0.00471039
21 0.293666 0.605724 0.131889 0.214511 0.00461766
18 0.431586 0.620241 0.132752 0.228063 0.00409112
3 0.570951 0.605917 0.124322 0.191105 0.00396029
4 0.570564 0.604782 0.123751 0.190883 0.00395957
3 0.292963 0.606341 0.129633 0.222856 0.00395143
11 0.431044 0.618879 0.132196 0.221484 0.00389356
11 0.56961 0.604266 0.122908 0.187587 0.0037136
7 0.431814 0.618997 0.134752 0.223503 0.00366153
11 0.293543 0.606334 0.131498 0.221028 0.00365607
8 0.431044 0.618879 0.132196 0.221484 0.00364416
20 0.57181 0.603245 0.122439 0.190422 0.00363453
1 0.431814 0.618997 0.134752 0.223503 0.00342234
8 0.56961 0.604266 0.122908 0.187587 0.00328476
14 0.70067 0.594571 0.115774 0.167876 0.00325252
8 0.293543 0.606334 0.131498 0.221028 0.00317492
6 0.56961 0.604266 0.122908 0.187587 0.00310974
3 0.431814 0.618997 0.134752 0.223503 0.00304218
2 0.29429 0.605171 0.129448 0.218952 0.00301581
17 0.294363 0.606153 0.130319 0.226698 0.00289492
2 0.432584 0.618965 0.133108 0.228997 0.00287643
6 0.293543 0.606334 0.131498 0.221028 0.00281697
17 0.571395 0.60445 0.120998 0.192971 0.00278165
6 0.431814 0.618997 0.134752 0.223503 0.00273776
5 0.294363 0.606153 0.130319 0.226698 0.0026343
4 0.700434 0.598583 0.115972 0.179695 0.00260062
17 0.215943 0.792854 0.162451 0.133516 0.002596
4 0.218029 0.791631 0.164778 0.133879 0.00258623
5 0.570189 0.604431 0.121312 0.190325 0.00257447
2 0.570431 0.607338 0.122927 0.199047 0.00256642
16 0.701415 0.597125 0.11419 0.176246 0.00253033
1 0.56961 0.604266 0.122908 0.187587 0.00249598
19 0.432989 0.618387 0.133657 0.226119 0.00247099
7 0.218029 0.791631 0.164778 0.133879 0.00244598
15 0.218029 0.791631 0.164778 0.133879 0.00241788
19 0.294196 0.605529 0.132148 0.223524 0.00239461
17 0.432051 0.619062 0.130638 0.228848 0.00235233
10 0.216708 0.790773 0.156296 0.131837 0.00231918
19 0.570564 0.604782 0.123751 0.190883 0.00229067
20 0.431044 0.618879 0.132196 0.221484 0.00227049
22 0.218029 0.791631 0.164778 0.133879 0.00218049
18 0.700239 0.594619 0.11413 0.165699 0.00210493
5 0.218029 0.791631 0.164778 0.133879 0.00210219
5 0.431044 0.618879 0.132196 0.221484 0.00208065
20 0.294512 0.605988 0.130119 0.226604 0.00207806
9 0.432584 0.618965 0.133108 0.228997 0.00204207
9 0.570189 0.604431 0.121312 0.190325 0.00198475
9 0.29429 0.605171 0.129448 0.218952 0.00195521
0 0.570564 0.604782 0.123751 0.190883 0.00193674
15 0.704761 0.595339 0.160243 0.210742 0.00190322
12 0.293543 0.606334 0.131498 0.221028 0.00184857
21 0.218029 0.791631 0.164778 0.133879 0.00182271
12 0.431814 0.618997 0.134752 0.223503 0.00176621
12 0.570564 0.604782 0.123751 0.190883 0.00174959
7 0.700239 0.594619 0.11413 0.165699 0.0017191
13 0.56961 0.604266 0.122908 0.187587 0.00165654
21 0.700434 0.598583 0.115972 0.179695 0.00160725
0 0.218029 0.791631 0.164778 0.133879 0.00160102
0 0.293543 0.606334 0.131498 0.221028 0.001518
13 0.431814 0.618997 0.134752 0.223503 0.00151155
14 0.320195 0.781979 0.156125 0.117208 0.00150036
13 0.218029 0.791631 0.164778 0.133879 0.00148526
0 0.431814 0.618997 0.134752 0.223503 0.00146558
13 0.293543 0.606334 0.131498 0.221028 0.00140009
11 0.700434 0.598583 0.115972 0.179695 0.00137285
20 0.218029 0.791631 0.164778 0.133879 0.00133937
2 0.218029 0.791631 0.164778 0.133879 0.00132759
12 0.218029 0.791631 0.164778 0.133879 0.00131386
6 0.700434 0.598583 0.115972 0.179695 0.00122782
16 0.218029 0.791631 0.164778 0.133879 0.00122436
10 0.431814 0.618997 0.134752 0.223503 0.00121877
1 0.700239 0.594619 0.11413 0.165699 0.00121267
17 0.701415 0.597125 0.11419 0.176246 0.00120513
10 0.293666 0.605724 0.131889 0.214511 0.00119642
10 0.570951 0.605917 0.124322 0.191105 0.00115675
9 0.218029 0.791631 0.164778 0.133879 0.00109911
3 0.700574 0.595568 0.114827 0.167037 0.00104238
3 0.218029 0.791631 0.164778 0.133879 0.00104027
5 0.701415 0.597125 0.11419 0.176246 0.00100473
19 0.218029 0.791631 0.164778 0.133879 0.00100078
