5 0.565774 0.142529 0.476393 0.259609 0.526179
5 0.452191 0.522424 0.281619 0.490088 0.497195
7 0.561421 0.142542 0.487755 0.259378 0.00443896
5 0.411109 0.581812 0.38262 0.591992 0.00395927
1 0.560122 0.138824 0.478849 0.271928 0.00356241
14 0.560377 0.137198 0.482563 0.26215 0.00271949
17 0.561421 0.142542 0.487755 0.259378 0.00261217
4 0.561421 0.142542 0.487755 0.259378 0.00220225
11 0.450772 0.522506 0.287703 0.50376 0.00202007
19 0.56615 0.140937 0.483286 0.267697 0.00196576
1 0.450772 0.522506 0.287703 0.50376 0.00196469
22 0.561421 0.142542 0.487755 0.259378 0.00192953
5 0.557952 0.164053 0.34402 0.213649 0.00167752
7 0.448186 0.532095 0.288345 0.531416 0.00159057
8 0.561421 0.142542 0.487755 0.259378 0.00153527
13 0.561421 0.142542 0.487755 0.259378 0.00150411
4 0.450772 0.522506 0.287703 0.50376 0.00149929
10 0.561421 0.142542 0.487755 0.259378 0.00147997
14 0.450772 0.522506 0.287703 0.50376 0.00141919
6 0.561421 0.142542 0.487755 0.259378 0.00140325
17 0.448186 0.532095 0.288345 0.531416 0.00139521
19 0.450772 0.522506 0.287703 0.50376 0.0013209
11 0.56615 0.140937 0.483286 0.267697 0.00126084
0 0.450772 0.522506 0.287703 0.50376 0.00125127
18 0.56615 0.140937 0.483286 0.267697 0.00121701
8 0.450772 0.522506 0.287703 0.50376 0.00121514
10 0.450772 0.522506 0.287703 0.50376 0.00117821
6 0.450772 0.522506 0.287703 0.50376 0.00115285
16 0.56615 0.140937 0.483286 0.267697 0.00105677
12 0.561421 0.142542 0.487755 0.259378 0.00102619
20 0.450772 0.522506 0.287703 0.50376 0.00102036
2 0.561421 0.142542 0.487755 0.259378 0.0010193
22 0.450772 0.522506 0.287703 0.50376 0.00100899
