14 0.53209 0.541007 0.142156 0.169126 0.874482
0 0.532473 0.543075 0.144175 0.177199 0.00616126
10 0.532502 0.542865 0.143353 0.170685 0.00613533
20 0.532502 0.542865 0.143353 0.170685 0.00587555
8 0.534722 0.542992 0.154713 0.169549 0.00501122
15 0.534722 0.542992 0.154713 0.169549 0.00497785
1 0.534722 0.542992 0.154713 0.169549 0.00496703
11 0.534722 0.542992 0.154713 0.169549 0.00483213
21 0.534722 0.542992 0.154713 0.169549 0.0039861
4 0.534722 0.542992 0.154713 0.169549 0.00395305
17 0.534722 0.542992 0.154713 0.169549 0.00389287
22 0.534722 0.542992 0.154713 0.169549 0.00323037
7 0.534722 0.542992 0.154713 0.169549 0.00321563
13 0.534722 0.542992 0.154713 0.169549 0.00281734
2 0.534722 0.542992 0.154713 0.169549 0.00271964
12 0.534722 0.542992 0.154713 0.169549 0.00262155
16 0.534722 0.542992 0.154713 0.169549 0.002367
5 0.53303 0.542981 0.15226 0.172612 0.0023586
3 0.534722 0.542992 0.154713 0.169549 0.00227205
6 0.532473 0.543075 0.144175 0.177199 0.00225232
18 0.534722 0.542992 0.154713 0.169549 0.00223936
9 0.534722 0.542992 0.154713 0.169549 0.00222151
19 0.534722 0.542992 0.154713 0.169549 0.00164104
14 0.654132 0.535471 0.0946788 0.189272 0.00144228
