1 0.555069 0.481083 0.309893 0.223104 0.927527
1 0.278978 0.488845 0.224751 0.228481 0.924946
17 0.555394 0.482025 0.314899 0.226862 0.00497114
0 0.278161 0.489349 0.232626 0.221392 0.00455473
1 0.554193 0.482134 0.169454 0.219838 0.0045023
5 0.555394 0.482025 0.314899 0.226862 0.00448666
22 0.554475 0.484246 0.313068 0.22278 0.0044532
17 0.278161 0.489349 0.232626 0.221392 0.00439039
4 0.278161 0.489349 0.232626 0.221392 0.00437558
7 0.555281 0.48249 0.300963 0.222316 0.004294
22 0.278161 0.489349 0.232626 0.221392 0.00426591
2 0.278161 0.489349 0.232626 0.221392 0.00419922
18 0.276311 0.488982 0.225598 0.221977 0.00409669
4 0.555394 0.482025 0.314899 0.226862 0.0040958
2 0.554475 0.484246 0.313068 0.22278 0.00394602
15 0.276311 0.488982 0.225598 0.221977 0.00387561
0 0.554475 0.484246 0.313068 0.22278 0.00380396
18 0.554475 0.484246 0.313068 0.22278 0.00372069
3 0.555394 0.482025 0.314899 0.226862 0.0036766
14 0.276311 0.488982 0.225598 0.221977 0.00359
5 0.276311 0.488982 0.225598 0.221977 0.00356437
3 0.276311 0.488982 0.225598 0.221977 0.00353721
7 0.276311 0.488982 0.225598 0.221977 0.00349435
8 0.278161 0.489349 0.232626 0.221392 0.00349315
8 0.554475 0.484246 0.313068 0.22278 0.00341541
15 0.555394 0.482025 0.314899 0.226862 0.00335064
6 0.278161 0.489349 0.232626 0.221392 0.00296232
11 0.278161 0.489349 0.232626 0.221392 0.00295754
21 0.278161 0.489349 0.232626 0.221392 0.0029291
10 0.276311 0.488982 0.225598 0.221977 0.00289865
14 0.555281 0.48249 0.300963 0.222316 0.00286083
6 0.555394 0.482025 0.314899 0.226862 0.00278055
20 0.276311 0.488982 0.225598 0.221977 0.0026662
10 0.554475 0.484246 0.313068 0.22278 0.00264954
21 0.554475 0.484246 0.313068 0.22278 0.00264588
16 0.278161 0.489349 0.232626 0.221392 0.00244472
12 0.276311 0.488982 0.225598 0.221977 0.0023882
20 0.554475 0.484246 0.313068 0.22278 0.00232817
16 0.554475 0.484246 0.313068 0.22278 0.0023106
11 0.555394 0.482025 0.314899 0.226862 0.00229922
12 0.554475 0.484246 0.313068 0.22278 0.00225028
13 0.278161 0.489349 0.232626 0.221392 0.0022473
9 0.278161 0.489349 0.232626 0.221392 0.00223722
19 0.276311 0.488982 0.225598 0.221977 0.00212937
13 0.554475 0.484246 0.313068 0.22278 0.00208925
9 0.554475 0.484246 0.313068 0.22278 0.00199443
19 0.554475 0.484246 0.313068 0.22278 0.00189019
