1 0.428626 0.666423 0.248708 0.230597 0.896766
1 0.647711 0.670884 0.202703 0.237873 0.776161
22 0.428637 0.667898 0.242808 0.229875 0.0208418
0 0.427215 0.667978 0.235285 0.220518 0.0139282
3 0.429407 0.666675 0.246413 0.231234 0.00714845
4 0.647214 0.670359 0.20684 0.231788 0.00576288
0 0.645456 0.66903 0.204424 0.23188 0.00490162
22 0.647214 0.670359 0.20684 0.231788 0.004823
18 0.427215 0.667978 0.235285 0.220518 0.00470829
2 0.426453 0.66592 0.238054 0.22223 0.00468935
8 0.426453 0.66592 0.238054 0.22223 0.00462654
14 0.426453 0.66592 0.238054 0.22223 0.00458867
11 0.230315 0.29521 0.0499514 0.061605 0.00430373
7 0.427195 0.665614 0.241212 0.223078 0.00420909
4 0.426453 0.66592 0.238054 0.22223 0.00399921
17 0.646168 0.670989 0.206202 0.231276 0.00378502
17 0.427195 0.665614 0.241212 0.223078 0.00359149
2 0.646168 0.670989 0.206202 0.231276 0.00350944
18 0.646168 0.670989 0.206202 0.231276 0.0034879
7 0.647214 0.670359 0.20684 0.231788 0.00343464
15 0.426453 0.66592 0.238054 0.22223 0.00337219
8 0.646168 0.670989 0.206202 0.231276 0.00329877
3 0.647214 0.670359 0.20684 0.231788 0.00328255
5 0.646168 0.670989 0.206202 0.231276 0.00316827
5 0.427195 0.665614 0.241212 0.223078 0.00307817
21 0.426453 0.66592 0.238054 0.22223 0.00302979
14 0.647214 0.670359 0.20684 0.231788 0.00291521
15 0.647214 0.670359 0.20684 0.231788 0.00285846
11 0.427195 0.665614 0.241212 0.223078 0.00280144
11 0.646168 0.670989 0.206202 0.231276 0.00276062
6 0.427195 0.665614 0.241212 0.223078 0.0027253
16 0.426453 0.66592 0.238054 0.22223 0.00251764
20 0.426453 0.66592 0.238054 0.22223 0.0024802
10 0.426453 0.66592 0.238054 0.22223 0.00243104
6 0.647214 0.670359 0.20684 0.231788 0.00241967
12 0.426453 0.66592 0.238054 0.22223 0.00241789
13 0.427195 0.665614 0.241212 0.223078 0.00232459
10 0.646168 0.670989 0.206202 0.231276 0.00230176
21 0.647214 0.670359 0.20684 0.231788 0.00225623
20 0.646168 0.670989 0.206202 0.231276 0.00222508
16 0.646168 0.670989 0.206202 0.231276 0.00219305
1 0.22232 0.671769 0.181815 0.248709 0.00216663
12 0.646168 0.670989 0.206202 0.231276 0.00214793
9 0.427195 0.665614 0.241212 0.223078 0.00210303
9 0.646168 0.670989 0.206202 0.231276 0.00200083
19 0.426453 0.66592 0.238054 0.22223 0.00194812
13 0.646168 0.670989 0.206202 0.231276 0.0018588
19 0.646168 0.670989 0.206202 0.231276 0.00177086
0 0.230315 0.29521 0.0499514 0.061605 0.00141724
