11 0.389399 0.570657 0.112544 0.264181 0.834136
11 0.848491 0.499914 0.0864508 0.245492 0.748627
11 0.745218 0.502136 0.114724 0.242784 0.719252
11 0.531621 0.560698 0.114216 0.311085 0.553248
11 0.265489 0.562985 0.113595 0.22978 0.497704
11 0.621524 0.539138 0.103826 0.292567 0.447701
11 0.581715 0.55895 0.183649 0.330066 0.0607032
20 0.540258 0.535645 0.128187 0.348836 0.0189448
20 0.622394 0.528167 0.105197 0.26279 0.0144769
10 0.532713 0.5613 0.117744 0.311303 0.00551207
0 0.622394 0.528167 0.105197 0.26279 0.00481413
11 0.830811 0.498623 0.172937 0.273356 0.00457628
10 0.62107 0.540721 0.105356 0.295611 0.00431313
1 0.848452 0.500623 0.0875387 0.248412 0.00430741
0 0.848452 0.500623 0.0875387 0.248412 0.00409896
10 0.745499 0.502809 0.115886 0.246381 0.00394891
20 0.848452 0.500623 0.0875387 0.248412 0.0038725
10 0.848452 0.500623 0.0875387 0.248412 0.00375288
0 0.745499 0.502809 0.115886 0.246381 0.00366497
11 0.830406 0.517765 0.0975792 0.265673 0.00343606
1 0.745499 0.502809 0.115886 0.246381 0.00343152
0 0.389279 0.570858 0.113464 0.264178 0.00341185
1 0.389279 0.570858 0.113464 0.264178 0.00331423
10 0.389279 0.570858 0.113464 0.264178 0.00327062
20 0.745499 0.502809 0.115886 0.246381 0.00322083
0 0.531621 0.560698 0.114216 0.311085 0.00309099
14 0.745499 0.502809 0.115886 0.246381 0.00300363
20 0.389231 0.57148 0.112559 0.261325 0.00298422
17 0.390139 0.569399 0.115793 0.270887 0.00293963
0 0.265048 0.564346 0.11558 0.246692 0.00289865
11 0.596931 0.51907 0.149134 0.236723 0.00285987
11 0.619595 0.512656 0.0925719 0.182626 0.00273826
17 0.62107 0.540721 0.105356 0.295611 0.00272922
14 0.532713 0.5613 0.117744 0.311303 0.00270171
14 0.62107 0.540721 0.105356 0.295611 0.0026379
14 0.389279 0.570858 0.113464 0.264178 0.00257843
6 0.848452 0.500623 0.0875387 0.248412 0.00243879
3 0.848452 0.500623 0.0875387 0.248412 0.00238326
11 0.272335 0.561295 0.169146 0.26835 0.00235999
17 0.532713 0.5613 0.117744 0.311303 0.00231166
6 0.532713 0.5613 0.117744 0.311303 0.00230577
6 0.745499 0.502809 0.115886 0.246381 0.00225549
1 0.265048 0.564346 0.11558 0.246692 0.00224815
13 0.532713 0.5613 0.117744 0.311303 0.00224442
8 0.389279 0.570858 0.113464 0.264178 0.0022135
17 0.745499 0.502809 0.115886 0.246381 0.00220971
4 0.848452 0.500623 0.0875387 0.248412 0.0021793
10 0.265048 0.564346 0.11558 0.246692 0.00215549
3 0.745499 0.502809 0.115886 0.246381 0.00206073
4 0.389279 0.570858 0.113464 0.264178 0.00205732
20 0.265048 0.564346 0.11558 0.246692 0.00205177
14 0.848452 0.500623 0.0875387 0.248412 0.0020461
15 0.848452 0.500623 0.0875387 0.248412 0.00203635
5 0.389936 0.57127 0.111601 0.266944 0.00199939
15 0.745499 0.502809 0.115886 0.246381 0.00197403
5 0.848452 0.500623 0.0875387 0.248412 0.0019547
3 0.389279 0.570858 0.113464 0.264178 0.00193765
3 0.532713 0.5613 0.117744 0.311303 0.00192873
17 0.265048 0.564346 0.11558 0.246692 0.00192018
13 0.848452 0.500623 0.0875387 0.248412 0.00188648
14 0.265048 0.564346 0.11558 0.246692 0.00181441
6 0.389279 0.570858 0.113464 0.264178 0.00181195
8 0.532713 0.5613 0.117744 0.311303 0.00179167
10 0.564817 0.545088 0.190649 0.33876 0.00177513
5 0.745499 0.502809 0.115886 0.246381 0.0017671
15 0.389279 0.570858 0.113464 0.264178 0.00172682
13 0.622394 0.528167 0.105197 0.26279 0.00171724
18 0.848452 0.500623 0.0875387 0.248412 0.00168768
11 0.26115 0.502061 0.11358 0.314328 0.00168436
9 0.848452 0.500623 0.0875387 0.248412 0.00167896
13 0.745499 0.502809 0.115886 0.246381 0.00167308
4 0.745499 0.502809 0.115886 0.246381 0.00166705
0 0.345816 0.342407 0.112734 0.0948116 0.00165901
17 0.60183 0.543419 0.168734 0.317782 0.0016483
1 0.532713 0.5613 0.117744 0.311303 0.00163869
17 0.848452 0.500623 0.0875387 0.248412 0.00162075
16 0.848452 0.500623 0.0875387 0.248412 0.00160571
13 0.390139 0.569399 0.115793 0.270887 0.00159677
18 0.389936 0.57127 0.111601 0.266944 0.00156876
4 0.265048 0.564346 0.11558 0.246692 0.00153209
15 0.532713 0.5613 0.117744 0.311303 0.00152499
12 0.848452 0.500623 0.0875387 0.248412 0.00152322
11 0.631761 0.540878 0.17312 0.305602 0.00151263
9 0.389279 0.570858 0.113464 0.264178 0.00150676
9 0.745499 0.502809 0.115886 0.246381 0.00150605
12 0.389279 0.570858 0.113464 0.264178 0.00149862
4 0.528974 0.562054 0.11673 0.303831 0.0014965
16 0.389279 0.570858 0.113464 0.264178 0.00147109
5 0.532713 0.5613 0.117744 0.311303 0.00146683
7 0.848452 0.500623 0.0875387 0.248412 0.00144744
12 0.745499 0.502809 0.115886 0.246381 0.00140422
8 0.745499 0.502809 0.115886 0.246381 0.00140283
18 0.745499 0.502809 0.115886 0.246381 0.00139715
16 0.532713 0.5613 0.117744 0.311303 0.00139287
16 0.745499 0.502809 0.115886 0.246381 0.00139258
6 0.622394 0.528167 0.105197 0.26279 0.00137363
1 0.623793 0.538023 0.101313 0.279473 0.00136741
8 0.848452 0.500623 0.0875387 0.248412 0.00136502
19 0.848452 0.500623 0.0875387 0.248412 0.00136293
3 0.265048 0.564346 0.11558 0.246692 0.00133871
4 0.622394 0.528167 0.105197 0.26279 0.00133337
9 0.532713 0.5613 0.117744 0.311303 0.001327
12 0.532713 0.5613 0.117744 0.311303 0.00132446
19 0.532713 0.5613 0.117744 0.311303 0.0013082
16 0.622394 0.528167 0.105197 0.26279 0.00130791
11 0.778226 0.490235 0.110155 0.260732 0.00130566
3 0.62107 0.540721 0.105356 0.295611 0.00130031
15 0.62107 0.540721 0.105356 0.295611 0.00128986
13 0.265048 0.564346 0.11558 0.246692 0.00128747
7 0.532713 0.5613 0.117744 0.311303 0.00128705
2 0.848452 0.500623 0.0875387 0.248412 0.00128169
5 0.265048 0.564346 0.11558 0.246692 0.0012548
21 0.848452 0.500623 0.0875387 0.248412 0.00125442
7 0.745499 0.502809 0.115886 0.246381 0.00124904
6 0.265048 0.564346 0.11558 0.246692 0.00123696
20 0.60183 0.543419 0.168734 0.317782 0.00122598
19 0.389936 0.57127 0.111601 0.266944 0.00122547
19 0.745499 0.502809 0.115886 0.246381 0.00122481
5 0.564817 0.545088 0.190649 0.33876 0.00119578
7 0.389279 0.570858 0.113464 0.264178 0.00119328
21 0.389279 0.570858 0.113464 0.264178 0.00116808
9 0.265048 0.564346 0.11558 0.246692 0.00116423
5 0.62107 0.540721 0.105356 0.295611 0.00116307
12 0.622394 0.528167 0.105197 0.26279 0.00115608
2 0.389279 0.570858 0.113464 0.264178 0.0011493
8 0.62107 0.540721 0.105356 0.295611 0.00112579
9 0.622394 0.528167 0.105197 0.26279 0.00112483
2 0.745499 0.502809 0.115886 0.246381 0.00111635
21 0.745499 0.502809 0.115886 0.246381 0.00111297
12 0.265048 0.564346 0.11558 0.246692 0.00110335
21 0.532713 0.5613 0.117744 0.311303 0.00109736
11 0.631971 0.489655 0.093567 0.25909 0.00109489
11 0.275185 0.556721 0.083756 0.176694 0.00109116
15 0.265048 0.564346 0.11558 0.246692 0.00107607
18 0.265048 0.564346 0.11558 0.246692 0.00104449
7 0.62107 0.540721 0.105356 0.295611 0.00102638
11 0.747499 0.577143 0.118132 0.33526 0.00102551
22 0.848452 0.500623 0.0875387 0.248412 0.0010099
8 0.265048 0.564346 0.11558 0.246692 0.00100263
