10 0.664412 0.664171 0.151696 0.180778 0.879731
10 0.508132 0.684723 0.156377 0.195741 0.771248
14 0.507138 0.684969 0.160403 0.18806 0.557723
14 0.663586 0.664822 0.15837 0.182082 0.0692982
11 0.509614 0.685949 0.165649 0.188803 0.0216447
17 0.507472 0.683316 0.167768 0.193655 0.0153505
8 0.509614 0.685949 0.165649 0.188803 0.0149384
17 0.663586 0.664822 0.15837 0.182082 0.0136104
21 0.509614 0.685949 0.165649 0.188803 0.0133853
21 0.663586 0.664822 0.15837 0.182082 0.013324
8 0.664441 0.666472 0.160693 0.178928 0.0128033
20 0.509614 0.685949 0.165649 0.188803 0.0110494
20 0.663745 0.664618 0.158434 0.184997 0.0106909
2 0.663586 0.664822 0.15837 0.182082 0.0105721
22 0.663586 0.664822 0.15837 0.182082 0.0105589
11 0.664441 0.666472 0.160693 0.178928 0.0105066
6 0.664441 0.666472 0.160693 0.178928 0.0105034
2 0.509614 0.685949 0.165649 0.188803 0.0100393
22 0.509614 0.685949 0.165649 0.188803 0.00969811
6 0.509614 0.685949 0.165649 0.188803 0.00879717
1 0.508001 0.685593 0.166824 0.188888 0.00703488
4 0.509614 0.685949 0.165649 0.188803 0.00694498
3 0.509614 0.685949 0.165649 0.188803 0.00672337
4 0.663745 0.664618 0.158434 0.184997 0.00653021
5 0.508001 0.685593 0.166824 0.188888 0.00645022
15 0.507472 0.683316 0.167768 0.193655 0.00640743
3 0.663586 0.664822 0.15837 0.182082 0.0059532
15 0.663745 0.664618 0.158434 0.184997 0.00572603
0 0.508001 0.685593 0.166824 0.188888 0.00559195
18 0.664441 0.666472 0.160693 0.178928 0.00507772
1 0.664441 0.666472 0.160693 0.178928 0.00492284
18 0.508001 0.685593 0.166824 0.188888 0.0048114
0 0.664441 0.666472 0.160693 0.178928 0.00475105
16 0.663586 0.664822 0.15837 0.182082 0.00428401
16 0.508001 0.685593 0.166824 0.188888 0.00427683
12 0.663586 0.664822 0.15837 0.182082 0.00399606
13 0.509614 0.685949 0.165649 0.188803 0.00388438
12 0.509614 0.685949 0.165649 0.188803 0.00383036
9 0.508001 0.685593 0.166824 0.188888 0.00351825
9 0.664441 0.666472 0.160693 0.178928 0.00346309
19 0.507472 0.683316 0.167768 0.193655 0.00337297
5 0.664441 0.666472 0.160693 0.178928 0.00327408
7 0.509614 0.685949 0.165649 0.188803 0.00282393
13 0.663586 0.664822 0.15837 0.182082 0.00257778
19 0.664441 0.666472 0.160693 0.178928 0.00242416
7 0.663586 0.664822 0.15837 0.182082 0.00199708
