14 0.498728 0.605832 0.177529 0.170576 0.804828
14 0.313287 0.636022 0.19769 0.248922 0.647038
10 0.313663 0.634723 0.184327 0.244474 0.45408
20 0.499472 0.605708 0.177421 0.164158 0.44941
10 0.500166 0.605113 0.190282 0.17223 0.0411623
11 0.500166 0.605113 0.190282 0.17223 0.0350883
13 0.498993 0.605743 0.177432 0.171654 0.0212991
11 0.311486 0.635258 0.197759 0.249371 0.0163967
8 0.313268 0.635839 0.200442 0.247207 0.0133737
20 0.311486 0.635258 0.197759 0.249371 0.0117381
8 0.501133 0.604219 0.189196 0.172496 0.0112881
21 0.501133 0.604219 0.189196 0.172496 0.0109876
21 0.313268 0.635839 0.200442 0.247207 0.0107823
4 0.500166 0.605113 0.190282 0.17223 0.0107355
15 0.501133 0.604219 0.189196 0.172496 0.0100763
18 0.500166 0.605113 0.190282 0.17223 0.00949219
0 0.500166 0.605113 0.190282 0.17223 0.00935743
1 0.501133 0.604219 0.189196 0.172496 0.00805407
6 0.500166 0.605113 0.190282 0.17223 0.00775025
6 0.313268 0.635839 0.200442 0.247207 0.00679617
4 0.313268 0.635839 0.200442 0.247207 0.00679179
2 0.313268 0.635839 0.200442 0.247207 0.0067765
19 0.500166 0.605113 0.190282 0.17223 0.00635941
2 0.501133 0.604219 0.189196 0.172496 0.00621377
3 0.500166 0.605113 0.190282 0.17223 0.00589512
15 0.313287 0.636022 0.19769 0.248922 0.0055058
1 0.313287 0.636022 0.19769 0.248922 0.00542586
22 0.501133 0.604219 0.189196 0.172496 0.00515857
17 0.501133 0.604219 0.189196 0.172496 0.00514636
16 0.500166 0.605113 0.190282 0.17223 0.00509733
0 0.313268 0.635839 0.200442 0.247207 0.00505402
22 0.313268 0.635839 0.200442 0.247207 0.00485321
17 0.311486 0.635258 0.197759 0.249371 0.00473702
9 0.500166 0.605113 0.190282 0.17223 0.00461604
12 0.501133 0.604219 0.189196 0.172496 0.00449505
18 0.313268 0.635839 0.200442 0.247207 0.00433156
7 0.501133 0.604219 0.189196 0.172496 0.00414028
3 0.313268 0.635839 0.200442 0.247207 0.00402899
16 0.313268 0.635839 0.200442 0.247207 0.00384052
5 0.501133 0.604219 0.189196 0.172496 0.00383216
13 0.313287 0.636022 0.19769 0.248922 0.00368073
12 0.313268 0.635839 0.200442 0.247207 0.00366958
5 0.313268 0.635839 0.200442 0.247207 0.00330358
9 0.313268 0.635839 0.200442 0.247207 0.0028526
7 0.313287 0.636022 0.19769 0.248922 0.00277358
19 0.313268 0.635839 0.200442 0.247207 0.00249275
14 0.325213 0.597899 0.168575 0.17871 0.00140509
