4 0.31542 0.751458 0.175214 0.452958 0.866765
8 0.53765 0.766809 0.186471 0.424353 0.754349
4 0.53815 0.770311 0.18766 0.427433 0.738891
8 0.723895 0.785037 0.198885 0.42275 0.693029
8 0.49431 0.452394 0.169679 0.229357 0.602483
4 0.496413 0.450863 0.169905 0.222276 0.0857711
5 0.538643 0.770631 0.184936 0.428988 0.0253275
4 0.0912231 0.726054 0.17829 0.429444 0.019223
8 0.314741 0.75419 0.173804 0.439852 0.0181553
22 0.492163 0.451012 0.174845 0.220384 0.0177972
5 0.72368 0.782701 0.19699 0.428127 0.0172118
8 0.0912231 0.726054 0.17829 0.429444 0.0168997
1 0.492163 0.451012 0.174845 0.220384 0.0137555
4 0.721724 0.785652 0.199584 0.423553 0.0115941
19 0.315002 0.751245 0.176991 0.443898 0.00905878
5 0.315002 0.751245 0.176991 0.443898 0.00877487
14 0.537471 0.767457 0.183051 0.423506 0.00864498
8 0.435235 0.449153 0.286213 0.241558 0.0085834
1 0.538643 0.770631 0.184936 0.428988 0.00846348
5 0.496413 0.450863 0.169905 0.222276 0.00837938
19 0.537471 0.767457 0.183051 0.423506 0.00830403
1 0.315625 0.746055 0.177317 0.445577 0.00823992
0 0.496413 0.450863 0.169905 0.222276 0.00744423
11 0.723895 0.785037 0.198885 0.42275 0.00734401
11 0.537471 0.767457 0.183051 0.423506 0.00726318
17 0.315002 0.751245 0.176991 0.443898 0.00684103
14 0.496413 0.450863 0.169905 0.222276 0.00626937
2 0.496413 0.450863 0.169905 0.222276 0.00623068
19 0.721724 0.785652 0.199584 0.423553 0.00600967
15 0.538643 0.770631 0.184936 0.428988 0.00577009
1 0.721724 0.785652 0.199584 0.423553 0.00567491
15 0.315002 0.751245 0.176991 0.443898 0.00564199
14 0.723895 0.785037 0.198885 0.42275 0.00534715
10 0.723895 0.785037 0.198885 0.42275 0.00530083
19 0.496413 0.450863 0.169905 0.222276 0.00478053
17 0.538643 0.770631 0.184936 0.428988 0.00477439
10 0.537471 0.767457 0.183051 0.423506 0.00468519
10 0.492163 0.451012 0.174845 0.220384 0.00449481
17 0.723895 0.785037 0.198885 0.42275 0.00445525
20 0.315548 0.751503 0.182366 0.445678 0.00442524
2 0.537471 0.767457 0.183051 0.423506 0.00433648
11 0.315548 0.751503 0.182366 0.445678 0.00433316
14 0.315002 0.751245 0.176991 0.443898 0.00431907
2 0.315002 0.751245 0.176991 0.443898 0.00425496
2 0.723895 0.785037 0.198885 0.42275 0.00411617
15 0.723895 0.785037 0.198885 0.42275 0.00407455
21 0.723895 0.785037 0.198885 0.42275 0.00407082
22 0.721724 0.785652 0.199584 0.423553 0.00401681
21 0.496413 0.450863 0.169905 0.222276 0.00398049
20 0.537471 0.767457 0.183051 0.423506 0.00388346
21 0.537471 0.767457 0.183051 0.423506 0.00382079
11 0.496413 0.450863 0.169905 0.222276 0.00380022
22 0.537471 0.767457 0.183051 0.423506 0.00371921
20 0.496413 0.450863 0.169905 0.222276 0.00349683
20 0.723895 0.785037 0.198885 0.42275 0.00349311
16 0.315002 0.751245 0.176991 0.443898 0.00348937
10 0.315548 0.751503 0.182366 0.445678 0.00346781
22 0.315548 0.751503 0.182366 0.445678 0.00342991
13 0.496413 0.450863 0.169905 0.222276 0.00332744
18 0.315002 0.751245 0.176991 0.443898 0.00324869
16 0.538643 0.770631 0.184936 0.428988 0.0031694
7 0.496413 0.450863 0.169905 0.222276 0.003058
18 0.538643 0.770631 0.184936 0.428988 0.00301733
17 0.496413 0.450863 0.169905 0.222276 0.00300384
18 0.496413 0.450863 0.169905 0.222276 0.00287785
3 0.496413 0.450863 0.169905 0.222276 0.00287565
16 0.496413 0.450863 0.169905 0.222276 0.0028493
7 0.721724 0.785652 0.199584 0.423553 0.00275035
9 0.496413 0.450863 0.169905 0.222276 0.00273988
16 0.721724 0.785652 0.199584 0.423553 0.00269151
12 0.315002 0.751245 0.176991 0.443898 0.00265459
15 0.496413 0.450863 0.169905 0.222276 0.00257993
21 0.315548 0.751503 0.182366 0.445678 0.00252955
12 0.496413 0.450863 0.169905 0.222276 0.00249621
12 0.538643 0.770631 0.184936 0.428988 0.00249324
7 0.537471 0.767457 0.183051 0.423506 0.00248029
18 0.721724 0.785652 0.199584 0.423553 0.00243998
3 0.315548 0.751503 0.182366 0.445678 0.00243361
0 0.537471 0.767457 0.183051 0.423506 0.00240442
0 0.315002 0.751245 0.176991 0.443898 0.00239572
3 0.538643 0.770631 0.184936 0.428988 0.0023301
8 0.707964 0.848926 0.176929 0.301811 0.0022363
9 0.315002 0.751245 0.176991 0.443898 0.00221083
6 0.538643 0.770631 0.184936 0.428988 0.00220146
7 0.315002 0.751245 0.176991 0.443898 0.00219306
9 0.538643 0.770631 0.184936 0.428988 0.00214489
6 0.315002 0.751245 0.176991 0.443898 0.00209107
6 0.496413 0.450863 0.169905 0.222276 0.00206072
13 0.540895 0.768517 0.18292 0.418586 0.00198117
6 0.723895 0.785037 0.198885 0.42275 0.00197345
13 0.723895 0.785037 0.198885 0.42275 0.00196165
0 0.721724 0.785652 0.199584 0.423553 0.00196042
12 0.723895 0.785037 0.198885 0.42275 0.00189453
3 0.723895 0.785037 0.198885 0.42275 0.00180023
9 0.721724 0.785652 0.199584 0.423553 0.00179119
13 0.315002 0.751245 0.176991 0.443898 0.00176777
4 0.314575 0.738817 0.172665 0.25396 0.00151208
17 0.0912231 0.726054 0.17829 0.429444 0.00138089
8 0.728495 0.764756 0.201271 0.25778 0.00101453
