5 0.281896 0.454563 0.271075 0.417605 0.840789
5 0.54128 0.46534 0.230583 0.363312 0.0132215
5 0.456346 0.445526 0.207546 0.396576 0.00647506
4 0.282117 0.454099 0.277779 0.424246 0.00384703
19 0.282117 0.454099 0.277779 0.424246 0.00273558
1 0.282117 0.454099 0.277779 0.424246 0.00270413
14 0.282117 0.454099 0.277779 0.424246 0.00268808
0 0.282117 0.454099 0.277779 0.424246 0.00239302
7 0.279962 0.453716 0.28229 0.416653 0.00238867
11 0.282117 0.454099 0.277779 0.424246 0.0023716
8 0.279962 0.453716 0.28229 0.416653 0.00211279
18 0.282117 0.454099 0.277779 0.424246 0.0019454
5 0.515631 0.477334 0.143787 0.319961 0.00189293
6 0.279962 0.453716 0.28229 0.416653 0.00188362
17 0.279962 0.453716 0.28229 0.416653 0.00177697
10 0.279962 0.453716 0.28229 0.416653 0.00171317
22 0.279962 0.453716 0.28229 0.416653 0.00156893
20 0.282117 0.454099 0.277779 0.424246 0.00151489
13 0.282117 0.454099 0.277779 0.424246 0.00149036
16 0.282117 0.454099 0.277779 0.424246 0.00146221
12 0.282117 0.454099 0.277779 0.424246 0.00144133
15 0.282117 0.454099 0.277779 0.424246 0.00136642
9 0.279962 0.453716 0.28229 0.416653 0.00122918
21 0.282117 0.454099 0.277779 0.424246 0.0012044
2 0.282117 0.454099 0.277779 0.424246 0.00113832
3 0.279962 0.453716 0.28229 0.416653 0.00111876
5 0.599406 0.466831 0.299964 0.418819 0.00102479
