5 0.693382 0.540233 0.188284 0.295085 0.897984
5 0.537525 0.557653 0.242112 0.298967 0.0848774
1 0.69292 0.53975 0.191072 0.297331 0.00483811
0 0.69292 0.53975 0.191072 0.297331 0.00451649
4 0.69292 0.53975 0.191072 0.297331 0.00394655
19 0.69292 0.53975 0.191072 0.297331 0.0034843
6 0.693292 0.541351 0.190783 0.295878 0.00329741
18 0.692491 0.540926 0.189097 0.298009 0.00321799
8 0.693292 0.541351 0.190783 0.295878 0.00310236
14 0.69292 0.53975 0.191072 0.297331 0.00307631
10 0.693292 0.541351 0.190783 0.295878 0.00306196
11 0.692491 0.540926 0.189097 0.298009 0.00290735
7 0.693292 0.541351 0.190783 0.295878 0.00269653
13 0.692491 0.540926 0.189097 0.298009 0.00240284
22 0.692491 0.540926 0.189097 0.298009 0.00220442
20 0.69292 0.53975 0.191072 0.297331 0.00211092
3 0.692491 0.540926 0.189097 0.298009 0.00202167
9 0.69292 0.53975 0.191072 0.297331 0.00202003
16 0.69292 0.53975 0.191072 0.297331 0.00200903
12 0.69292 0.53975 0.191072 0.297331 0.00193754
15 0.69292 0.53975 0.191072 0.297331 0.00190153
17 0.693292 0.541351 0.190783 0.295878 0.00185929
2 0.693292 0.541351 0.190783 0.295878 0.00182615
21 0.69292 0.53975 0.191072 0.297331 0.00175653
