1 0.514765 0.740093 0.222419 0.188421 0.93548
1 0.304235 0.755386 0.223492 0.159195 0.835516
0 0.515804 0.738287 0.224521 0.18937 0.00684409
22 0.303395 0.754804 0.225187 0.156058 0.00616689
0 0.302973 0.755713 0.227793 0.155626 0.00612014
18 0.515064 0.739616 0.220438 0.187884 0.00531719
17 0.515804 0.738287 0.224521 0.18937 0.00499828
22 0.515332 0.739896 0.226093 0.189249 0.00468838
17 0.303395 0.754804 0.225187 0.156058 0.00466105
3 0.515804 0.738287 0.224521 0.18937 0.00450139
4 0.515804 0.738287 0.224521 0.18937 0.00444139
7 0.515804 0.738287 0.224521 0.18937 0.00419201
5 0.515804 0.738287 0.224521 0.18937 0.00416383
2 0.515332 0.739896 0.226093 0.189249 0.00414948
15 0.515064 0.739616 0.220438 0.187884 0.00408827
18 0.303395 0.754804 0.225187 0.156058 0.00408568
2 0.303395 0.754804 0.225187 0.156058 0.00401804
4 0.303395 0.754804 0.225187 0.156058 0.00397559
3 0.303395 0.754804 0.225187 0.156058 0.0038602
5 0.302973 0.755713 0.227793 0.155626 0.00372381
7 0.303395 0.754804 0.225187 0.156058 0.00358153
14 0.515064 0.739616 0.220438 0.187884 0.00343013
8 0.303395 0.754804 0.225187 0.156058 0.00330546
8 0.515804 0.738287 0.224521 0.18937 0.00320507
14 0.302973 0.755713 0.227793 0.155626 0.00319505
11 0.515804 0.738287 0.224521 0.18937 0.00312511
21 0.515064 0.739616 0.220438 0.187884 0.00301539
6 0.515804 0.738287 0.224521 0.18937 0.00297826
20 0.515064 0.739616 0.220438 0.187884 0.00265776
15 0.302973 0.755713 0.227793 0.155626 0.00265466
16 0.515332 0.739896 0.226093 0.189249 0.00262625
11 0.303395 0.754804 0.225187 0.156058 0.00261347
16 0.303395 0.754804 0.225187 0.156058 0.00251798
6 0.303395 0.754804 0.225187 0.156058 0.00249581
19 0.515064 0.739616 0.220438 0.187884 0.00249327
12 0.515332 0.739896 0.226093 0.189249 0.00249123
9 0.515332 0.739896 0.226093 0.189249 0.00242931
12 0.303395 0.754804 0.225187 0.156058 0.00242233
21 0.303395 0.754804 0.225187 0.156058 0.00242037
20 0.303395 0.754804 0.225187 0.156058 0.00238895
13 0.515064 0.739616 0.220438 0.187884 0.00237693
9 0.303395 0.754804 0.225187 0.156058 0.00229887
10 0.303395 0.754804 0.225187 0.156058 0.00223906
10 0.515064 0.739616 0.220438 0.187884 0.00223
13 0.303395 0.754804 0.225187 0.156058 0.00212443
19 0.303395 0.754804 0.225187 0.156058 0.0019289
