1 0.531245 0.553467 0.491717 0.503739 0.909579
1 0.93561 0.535508 0.125697 0.391496 0.208118
17 0.926533 0.513024 0.143337 0.417014 0.175075
5 0.926533 0.513024 0.143337 0.417014 0.0254779
7 0.923969 0.518205 0.146238 0.448183 0.0138106
7 0.529093 0.552925 0.490426 0.513234 0.00918036
22 0.928879 0.539359 0.134818 0.393508 0.00576986
17 0.873135 0.513307 0.251599 0.408757 0.0055522
14 0.928879 0.539359 0.134818 0.393508 0.00542294
22 0.531245 0.553467 0.491717 0.503739 0.00446713
17 0.943623 0.558964 0.110544 0.327667 0.00422896
3 0.531245 0.553467 0.491717 0.503739 0.00408742
15 0.529093 0.552925 0.490426 0.513234 0.0039249
5 0.920228 0.60486 0.153363 0.417837 0.00389585
17 0.529093 0.552925 0.490426 0.513234 0.00377971
14 0.529093 0.552925 0.490426 0.513234 0.00342333
4 0.529093 0.552925 0.490426 0.513234 0.00330264
2 0.531245 0.553467 0.491717 0.503739 0.00327939
19 0.935276 0.518869 0.127112 0.400355 0.00269825
18 0.531245 0.553467 0.491717 0.503739 0.00267725
4 0.935276 0.518869 0.127112 0.400355 0.00249262
8 0.529093 0.552925 0.490426 0.513234 0.0024266
15 0.935276 0.518869 0.127112 0.400355 0.00209869
5 0.529093 0.552925 0.490426 0.513234 0.00203616
11 0.93561 0.535508 0.125697 0.391496 0.00197835
21 0.531245 0.553467 0.491717 0.503739 0.00197487
18 0.935276 0.518869 0.127112 0.400355 0.00187987
6 0.529093 0.552925 0.490426 0.513234 0.00180223
20 0.531245 0.553467 0.491717 0.503739 0.00175353
9 0.528999 0.5529 0.495665 0.489951 0.00169041
11 0.531245 0.553467 0.491717 0.503739 0.00167678
1 0.873135 0.513307 0.251599 0.408757 0.00161312
12 0.531245 0.553467 0.491717 0.503739 0.00161175
19 0.531245 0.553467 0.491717 0.503739 0.0016109
0 0.93561 0.535508 0.125697 0.391496 0.00160046
0 0.531245 0.553467 0.491717 0.503739 0.00158947
1 0.933729 0.619118 0.132542 0.351506 0.00146343
3 0.935276 0.518869 0.127112 0.400355 0.00145743
16 0.531245 0.553467 0.491717 0.503739 0.00142508
13 0.529093 0.552925 0.490426 0.513234 0.00124913
16 0.935276 0.518869 0.127112 0.400355 0.00123814
10 0.531245 0.553467 0.491717 0.503739 0.00114791
2 0.935276 0.518869 0.127112 0.400355 0.00110099
5 0.935439 0.603878 0.123408 0.310538 0.00109008
8 0.936047 0.535436 0.126142 0.392808 0.00108354
10 0.936047 0.535436 0.126142 0.392808 0.00102641
