8 0.690888 0.845322 0.301926 0.281029 0.127965
22 0.675372 0.851617 0.297337 0.268611 0.0736953
4 0.398514 0.784627 0.424991 0.385443 0.0699053
8 0.738343 0.813572 0.401809 0.355125 0.0427775
19 0.738968 0.813808 0.405306 0.372384 0.0376042
0 0.515277 0.502538 0.0849734 0.088407 0.0188345
17 0.360296 0.782898 0.486596 0.393243 0.0171204
5 0.454717 0.791305 0.306127 0.41739 0.0163099
4 0.729226 0.827716 0.372681 0.334003 0.0126183
22 0.738343 0.813572 0.401809 0.355125 0.00967267
14 0.429131 0.796336 0.357329 0.369891 0.00923522
5 0.705526 0.831718 0.338521 0.336564 0.0063723
17 0.677624 0.864199 0.304008 0.271602 0.00628657
22 0.406026 0.791666 0.363664 0.358211 0.00602129
4 0.683306 0.865783 0.286214 0.244101 0.00534732
7 0.406026 0.791666 0.363664 0.358211 0.0049268
11 0.392952 0.545509 0.0691806 0.156848 0.00327065
19 0.690702 0.841966 0.307582 0.27598 0.00324547
8 0.399969 0.785216 0.387167 0.362493 0.00281859
1 0.674252 0.849588 0.300219 0.252602 0.00213713
7 0.708538 0.818527 0.358979 0.312174 0.00203866
8 0.312355 0.765321 0.563893 0.436912 0.00174964
5 0.668578 0.874312 0.307643 0.217966 0.00168307
19 0.404513 0.794462 0.404662 0.376067 0.0016654
17 0.454717 0.791305 0.306127 0.41739 0.00153675
2 0.690702 0.841966 0.307582 0.27598 0.0015345
11 0.388274 0.563058 0.0919387 0.211626 0.00149699
1 0.406026 0.791666 0.363664 0.358211 0.00149121
10 0.690702 0.841966 0.307582 0.27598 0.00114396
3 0.690702 0.841966 0.307582 0.27598 0.00108322
11 0.515277 0.502538 0.0849734 0.088407 0.00104197
5 0.748336 0.78209 0.439542 0.433157 0.00101354
