4 0.310961 0.446045 0.176147 0.446656 0.860389
4 0.743539 0.485871 0.173295 0.41896 0.85311
4 0.524403 0.4658 0.17454 0.44861 0.832503
8 0.911274 0.512491 0.177451 0.433469 0.749408
8 0.702373 0.181649 0.154297 0.21147 0.134273
8 0.74394 0.487306 0.171234 0.413891 0.0612511
4 0.702975 0.181766 0.15847 0.198095 0.0218035
4 0.91098 0.509374 0.176535 0.438007 0.0197742
8 0.309417 0.446245 0.181836 0.438341 0.0173247
8 0.523667 0.465319 0.177295 0.443086 0.0154487
1 0.746331 0.487729 0.17581 0.41534 0.0113037
5 0.311166 0.44318 0.176564 0.437586 0.0109814
1 0.311166 0.44318 0.176564 0.437586 0.0108266
5 0.746331 0.487729 0.17581 0.41534 0.0101416
5 0.91098 0.509374 0.176535 0.438007 0.0100861
19 0.74394 0.487306 0.171234 0.413891 0.00956084
19 0.524939 0.467324 0.180189 0.450076 0.00827045
11 0.91098 0.509374 0.176535 0.438007 0.00787509
19 0.309799 0.445663 0.17836 0.437183 0.00776946
1 0.524939 0.467324 0.180189 0.450076 0.0077146
5 0.523667 0.465319 0.177295 0.443086 0.00737744
17 0.309799 0.445663 0.17836 0.437183 0.00726485
17 0.524939 0.467324 0.180189 0.450076 0.00681563
19 0.907305 0.507919 0.178191 0.439402 0.00679207
14 0.745231 0.488446 0.168275 0.408987 0.00624635
15 0.74394 0.487306 0.171234 0.413891 0.00616609
15 0.309799 0.445663 0.17836 0.437183 0.00591863
11 0.74394 0.487306 0.171234 0.413891 0.00590769
10 0.91098 0.509374 0.176535 0.438007 0.00574281
15 0.523667 0.465319 0.177295 0.443086 0.00548363
17 0.746331 0.487729 0.17581 0.41534 0.00542881
17 0.91098 0.509374 0.176535 0.438007 0.00533705
11 0.309799 0.445663 0.17836 0.437183 0.00515579
2 0.74394 0.487306 0.171234 0.413891 0.00500424
10 0.74394 0.487306 0.171234 0.413891 0.00496728
20 0.74394 0.487306 0.171234 0.413891 0.0048787
11 0.523667 0.465319 0.177295 0.443086 0.00471102
22 0.91098 0.509374 0.176535 0.438007 0.00465092
14 0.309417 0.446245 0.181836 0.438341 0.00452215
20 0.524939 0.467324 0.180189 0.450076 0.00444879
14 0.91098 0.509374 0.176535 0.438007 0.00434604
20 0.309799 0.445663 0.17836 0.437183 0.00433339
2 0.91098 0.509374 0.176535 0.438007 0.00431951
14 0.523667 0.465319 0.177295 0.443086 0.00428578
1 0.907305 0.507919 0.178191 0.439402 0.00426124
10 0.309799 0.445663 0.17836 0.437183 0.00425222
2 0.309799 0.445663 0.17836 0.437183 0.00424257
2 0.523667 0.465319 0.177295 0.443086 0.0041674
21 0.91098 0.509374 0.176535 0.438007 0.00404611
22 0.746331 0.487729 0.17581 0.41534 0.00400275
16 0.74394 0.487306 0.171234 0.413891 0.00365622
10 0.524939 0.467324 0.180189 0.450076 0.00358795
16 0.524939 0.467324 0.180189 0.450076 0.00354702
16 0.309799 0.445663 0.17836 0.437183 0.00352382
15 0.91098 0.509374 0.176535 0.438007 0.00348429
18 0.746331 0.487729 0.17581 0.41534 0.00342063
22 0.524939 0.467324 0.180189 0.450076 0.00338147
20 0.91098 0.509374 0.176535 0.438007 0.00335654
22 0.311166 0.44318 0.176564 0.437586 0.00329248
18 0.523667 0.465319 0.177295 0.443086 0.00328571
22 0.702975 0.181766 0.15847 0.198095 0.00315112
18 0.309799 0.445663 0.17836 0.437183 0.00310857
21 0.74394 0.487306 0.171234 0.413891 0.00303326
1 0.701282 0.180411 0.159498 0.200722 0.00289421
12 0.74394 0.487306 0.171234 0.413891 0.0026958
18 0.91098 0.509374 0.176535 0.438007 0.00267969
0 0.746331 0.487729 0.17581 0.41534 0.00266489
21 0.524939 0.467324 0.180189 0.450076 0.00262366
12 0.523667 0.465319 0.177295 0.443086 0.00262269
3 0.746331 0.487729 0.17581 0.41534 0.00261556
12 0.309799 0.445663 0.17836 0.437183 0.00255375
3 0.524939 0.467324 0.180189 0.450076 0.00250991
21 0.309799 0.445663 0.17836 0.437183 0.00250314
16 0.91098 0.509374 0.176535 0.438007 0.00242539
0 0.523667 0.465319 0.177295 0.443086 0.00241212
6 0.745231 0.488446 0.168275 0.408987 0.00236167
9 0.74394 0.487306 0.171234 0.413891 0.00232945
5 0.701282 0.180411 0.159498 0.200722 0.00231132
0 0.309799 0.445663 0.17836 0.437183 0.00224656
3 0.309799 0.445663 0.17836 0.437183 0.00219832
9 0.309799 0.445663 0.17836 0.437183 0.00217194
7 0.523667 0.465319 0.177295 0.443086 0.00216676
7 0.91098 0.509374 0.176535 0.438007 0.0021591
0 0.91098 0.509374 0.176535 0.438007 0.00215874
9 0.523667 0.465319 0.177295 0.443086 0.00214886
6 0.523667 0.465319 0.177295 0.443086 0.00211875
6 0.309799 0.445663 0.17836 0.437183 0.0021008
13 0.745231 0.488446 0.168275 0.408987 0.00207671
12 0.91098 0.509374 0.176535 0.438007 0.00200704
3 0.91098 0.509374 0.176535 0.438007 0.00199668
0 0.701282 0.180411 0.159498 0.200722 0.00195782
7 0.309799 0.445663 0.17836 0.437183 0.00195603
7 0.746331 0.487729 0.17581 0.41534 0.0019515
9 0.91098 0.509374 0.176535 0.438007 0.00190398
6 0.91098 0.509374 0.176535 0.438007 0.0018718
13 0.91098 0.509374 0.176535 0.438007 0.00184078
11 0.701282 0.180411 0.159498 0.200722 0.00181959
13 0.523667 0.465319 0.177295 0.443086 0.00180381
13 0.309799 0.445663 0.17836 0.437183 0.00164755
10 0.701282 0.180411 0.159498 0.200722 0.00127656
14 0.701282 0.180411 0.159498 0.200722 0.00123814
19 0.701282 0.180411 0.159498 0.200722 0.00120344
17 0.701282 0.180411 0.159498 0.200722 0.00117293
2 0.701282 0.180411 0.159498 0.200722 0.00114788
4 0.525709 0.46381 0.175675 0.250994 0.00112051
