10 0.500942 0.509946 0.152704 0.187651 0.847281
10 0.291006 0.525509 0.163796 0.152805 0.817697
10 0.454777 0.700122 0.178641 0.16759 0.0420063
14 0.291887 0.526408 0.173774 0.150791 0.0224629
14 0.500577 0.509099 0.16039 0.184887 0.0219175
17 0.291887 0.526408 0.173774 0.150791 0.0160431
17 0.500647 0.511663 0.163528 0.181099 0.0146205
11 0.291887 0.526408 0.173774 0.150791 0.0138231
10 0.69075 0.532421 0.191626 0.280803 0.0122503
11 0.500577 0.509099 0.16039 0.184887 0.0118052
8 0.500647 0.511663 0.163528 0.181099 0.0116643
6 0.291779 0.526113 0.169976 0.153051 0.0109875
1 0.291887 0.526408 0.173774 0.150791 0.0108714
6 0.500577 0.509099 0.16039 0.184887 0.0108148
20 0.291779 0.526113 0.169976 0.153051 0.0101685
8 0.291779 0.526113 0.169976 0.153051 0.00944956
21 0.500577 0.509099 0.16039 0.184887 0.00938642
22 0.500577 0.509099 0.16039 0.184887 0.00869105
20 0.500647 0.511663 0.163528 0.181099 0.0086829
22 0.291779 0.526113 0.169976 0.153051 0.00868134
21 0.291887 0.526408 0.173774 0.150791 0.00857958
1 0.500577 0.509099 0.16039 0.184887 0.00822258
2 0.500577 0.509099 0.16039 0.184887 0.007859
2 0.291887 0.526408 0.173774 0.150791 0.00731816
5 0.500577 0.509099 0.16039 0.184887 0.00697239
4 0.291779 0.526113 0.169976 0.153051 0.00631555
4 0.500577 0.509099 0.16039 0.184887 0.00614127
0 0.500577 0.509099 0.16039 0.184887 0.00571416
5 0.291887 0.526408 0.173774 0.150791 0.00521561
3 0.500577 0.509099 0.16039 0.184887 0.0046747
0 0.291779 0.526113 0.169976 0.153051 0.00465816
3 0.291887 0.526408 0.173774 0.150791 0.00455344
15 0.500577 0.509099 0.16039 0.184887 0.00414681
18 0.500647 0.511663 0.163528 0.181099 0.00397634
18 0.291779 0.526113 0.169976 0.153051 0.00394724
15 0.291887 0.526408 0.173774 0.150791 0.00394419
10 0.680512 0.513141 0.146203 0.211674 0.00384709
16 0.500577 0.509099 0.16039 0.184887 0.00382535
14 0.453022 0.70507 0.182011 0.164071 0.00378328
16 0.291779 0.526113 0.169976 0.153051 0.00363687
12 0.500577 0.509099 0.16039 0.184887 0.0033539
12 0.291887 0.526408 0.173774 0.150791 0.00311982
9 0.500577 0.509099 0.16039 0.184887 0.0030229
9 0.291779 0.526113 0.169976 0.153051 0.00281579
13 0.500577 0.509099 0.16039 0.184887 0.00201034
19 0.500577 0.509099 0.16039 0.184887 0.00199722
13 0.291887 0.526408 0.173774 0.150791 0.00197307
10 0.671464 0.589085 0.208087 0.376562 0.00189133
19 0.291779 0.526113 0.169976 0.153051 0.0018568
7 0.291887 0.526408 0.173774 0.150791 0.00165229
7 0.500577 0.509099 0.16039 0.184887 0.00161951
11 0.454777 0.700122 0.178641 0.16759 0.00158496
10 0.513634 0.52984 0.217178 0.227487 0.001201
1 0.453022 0.70507 0.182011 0.164071 0.00110038
17 0.454777 0.700122 0.178641 0.16759 0.00103922
4 0.454777 0.700122 0.178641 0.16759 0.0010275
