1 0.406778 0.516297 0.166468 0.169031 0.903754
1 0.568352 0.523669 0.155398 0.143305 0.729366
17 0.56811 0.521376 0.156677 0.139144 0.0562089
0 0.568515 0.522967 0.160095 0.139479 0.0143613
17 0.40653 0.51511 0.166013 0.168911 0.00906368
22 0.568515 0.522967 0.160095 0.139479 0.00854769
18 0.568563 0.52126 0.156606 0.141566 0.00843793
0 0.40653 0.51511 0.166013 0.168911 0.0082983
18 0.406265 0.515923 0.169909 0.17015 0.00661033
22 0.40653 0.51511 0.166013 0.168911 0.00551764
4 0.567434 0.522191 0.159533 0.141797 0.00546303
8 0.567434 0.522191 0.159533 0.141797 0.00520984
14 0.40627 0.516386 0.16676 0.168012 0.00517187
8 0.40653 0.51511 0.166013 0.168911 0.00491839
15 0.40627 0.516386 0.16676 0.168012 0.00486985
2 0.40653 0.51511 0.166013 0.168911 0.00478317
11 0.406559 0.515688 0.16653 0.167005 0.00456415
3 0.40653 0.51511 0.166013 0.168911 0.00445409
11 0.567434 0.522191 0.159533 0.141797 0.00429596
4 0.40653 0.51511 0.166013 0.168911 0.00421255
7 0.40653 0.51511 0.166013 0.168911 0.0039338
2 0.568515 0.522967 0.160095 0.139479 0.00388567
20 0.406559 0.515688 0.16653 0.167005 0.00387629
5 0.40627 0.516386 0.16676 0.168012 0.00349303
21 0.406559 0.515688 0.16653 0.167005 0.00339295
3 0.568515 0.522967 0.160095 0.139479 0.00338537
6 0.40653 0.51511 0.166013 0.168911 0.00336493
10 0.40627 0.516386 0.16676 0.168012 0.00332205
14 0.567434 0.522191 0.159533 0.141797 0.00327529
16 0.406559 0.515688 0.16653 0.167005 0.0031772
7 0.568515 0.522967 0.160095 0.139479 0.00309035
20 0.567434 0.522191 0.159533 0.141797 0.00304752
12 0.40653 0.51511 0.166013 0.168911 0.00303071
9 0.406559 0.515688 0.16653 0.167005 0.00302407
13 0.406559 0.515688 0.16653 0.167005 0.00298495
9 0.568515 0.522967 0.160095 0.139479 0.00284897
16 0.567434 0.522191 0.159533 0.141797 0.00283441
10 0.567434 0.522191 0.159533 0.141797 0.00281818
15 0.568515 0.522967 0.160095 0.139479 0.00280724
12 0.568515 0.522967 0.160095 0.139479 0.00274902
5 0.568842 0.522408 0.156957 0.14329 0.00265504
6 0.567434 0.522191 0.159533 0.141797 0.00256672
13 0.567434 0.522191 0.159533 0.141797 0.00254093
21 0.567434 0.522191 0.159533 0.141797 0.00248405
19 0.40653 0.51511 0.166013 0.168911 0.00245089
19 0.567434 0.522191 0.159533 0.141797 0.00197311
