14 0.649698 0.595212 0.162753 0.160639 0.899378
14 0.481571 0.602541 0.161148 0.175567 0.838254
0 0.482325 0.600949 0.168184 0.171522 0.0118766
14 0.804612 0.61002 0.15933 0.187725 0.0111952
0 0.651676 0.59451 0.167841 0.162365 0.0110594
8 0.651676 0.59451 0.167841 0.162365 0.00984372
11 0.481104 0.601537 0.165177 0.174968 0.00974675
8 0.481104 0.601537 0.165177 0.174968 0.0097354
15 0.651676 0.59451 0.167841 0.162365 0.00937965
11 0.652071 0.596208 0.166357 0.157868 0.0091576
10 0.479818 0.603991 0.165486 0.174288 0.00887764
10 0.652071 0.596208 0.166357 0.157868 0.00854549
15 0.482325 0.600949 0.168184 0.171522 0.00815326
1 0.651676 0.59451 0.167841 0.162365 0.00807664
21 0.651676 0.59451 0.167841 0.162365 0.0076543
21 0.481104 0.601537 0.165177 0.174968 0.00747246
4 0.652071 0.596208 0.166357 0.157868 0.00690233
4 0.482325 0.600949 0.168184 0.171522 0.00632033
20 0.651676 0.59451 0.167841 0.162365 0.00595703
10 0.306276 0.620748 0.143328 0.167766 0.00592605
1 0.482325 0.600949 0.168184 0.171522 0.00584364
20 0.481104 0.601537 0.165177 0.174968 0.00582242
22 0.651676 0.59451 0.167841 0.162365 0.00581154
5 0.651676 0.59451 0.167841 0.162365 0.00553221
14 0.30377 0.615702 0.17674 0.190848 0.00543208
13 0.651676 0.59451 0.167841 0.162365 0.00534262
5 0.481104 0.601537 0.165177 0.174968 0.00510901
22 0.481104 0.601537 0.165177 0.174968 0.00508731
7 0.652071 0.596208 0.166357 0.157868 0.00503224
13 0.481104 0.601537 0.165177 0.174968 0.00491556
18 0.651676 0.59451 0.167841 0.162365 0.00488351
17 0.482325 0.600949 0.168184 0.171522 0.00473316
2 0.651676 0.59451 0.167841 0.162365 0.00461758
17 0.652071 0.596208 0.166357 0.157868 0.0043935
2 0.482325 0.600949 0.168184 0.171522 0.00433155
7 0.482325 0.600949 0.168184 0.171522 0.00431698
12 0.651676 0.59451 0.167841 0.162365 0.00426168
3 0.651676 0.59451 0.167841 0.162365 0.0042152
12 0.481104 0.601537 0.165177 0.174968 0.00400853
18 0.482325 0.600949 0.168184 0.171522 0.0039834
16 0.651676 0.59451 0.167841 0.162365 0.00368546
6 0.652071 0.596208 0.166357 0.157868 0.00367458
9 0.651676 0.59451 0.167841 0.162365 0.00360046
3 0.481104 0.601537 0.165177 0.174968 0.00353649
16 0.481104 0.601537 0.165177 0.174968 0.00348155
9 0.482325 0.600949 0.168184 0.171522 0.00327647
6 0.481104 0.601537 0.165177 0.174968 0.00325568
19 0.651676 0.59451 0.167841 0.162365 0.00301256
19 0.481104 0.601537 0.165177 0.174968 0.00261279
14 0.298893 0.62059 0.140319 0.140649 0.00107688
