1 0.479821 0.718327 0.231847 0.228769 0.93264
17 0.807559 0.662701 0.321209 0.298293 0.120885
17 0.478174 0.715171 0.227478 0.222887 0.00600525
1 0.792083 0.661425 0.291694 0.2901 0.00563724
0 0.478766 0.715004 0.228075 0.222586 0.00553418
18 0.478776 0.718206 0.225639 0.221397 0.00445209
22 0.478174 0.715171 0.227478 0.222887 0.0042599
5 0.478174 0.715171 0.227478 0.222887 0.00422218
4 0.478174 0.715171 0.227478 0.222887 0.00414205
8 0.478174 0.715171 0.227478 0.222887 0.00412881
7 0.478174 0.715171 0.227478 0.222887 0.00382138
2 0.478174 0.715171 0.227478 0.222887 0.00373863
3 0.478766 0.715004 0.228075 0.222586 0.003726
15 0.478174 0.715171 0.227478 0.222887 0.00371301
11 0.478766 0.715004 0.228075 0.222586 0.00346285
14 0.478174 0.715171 0.227478 0.222887 0.00346039
6 0.478766 0.715004 0.228075 0.222586 0.00307
21 0.478174 0.715171 0.227478 0.222887 0.00284098
20 0.478174 0.715171 0.227478 0.222887 0.00278906
10 0.478174 0.715171 0.227478 0.222887 0.0027849
16 0.478766 0.715004 0.228075 0.222586 0.00256267
12 0.478174 0.715171 0.227478 0.222887 0.00239139
19 0.478174 0.715171 0.227478 0.222887 0.00236879
13 0.478766 0.715004 0.228075 0.222586 0.00222487
9 0.478174 0.715171 0.227478 0.222887 0.00222381
7 0.807559 0.662701 0.321209 0.298293 0.00211616
11 0.0969577 0.0529809 0.0767824 0.105962 0.00159627
17 0.749951 0.661659 0.199651 0.274498 0.00101404
