5 0.487253 0.515004 0.415588 0.509279 0.88443
4 0.488472 0.514869 0.419207 0.526253 0.00520747
1 0.488472 0.514869 0.419207 0.526253 0.00477781
19 0.488472 0.514869 0.419207 0.526253 0.00339853
7 0.488472 0.514869 0.419207 0.526253 0.00336974
8 0.488472 0.514869 0.419207 0.526253 0.00266819
18 0.488472 0.514869 0.419207 0.526253 0.00196154
22 0.488472 0.514869 0.419207 0.526253 0.00181123
17 0.485106 0.514751 0.420808 0.526764 0.00168904
20 0.489241 0.514523 0.411964 0.536262 0.00168453
14 0.488472 0.514869 0.419207 0.526253 0.00154392
11 0.488472 0.514869 0.419207 0.526253 0.00147235
6 0.488472 0.514869 0.419207 0.526253 0.00142986
0 0.488472 0.514869 0.419207 0.526253 0.00139614
12 0.488472 0.514869 0.419207 0.526253 0.00132086
10 0.488472 0.514869 0.419207 0.526253 0.00131757
15 0.488472 0.514869 0.419207 0.526253 0.00125929
16 0.489241 0.514523 0.411964 0.536262 0.00123387
3 0.488472 0.514869 0.419207 0.526253 0.00122654
2 0.488472 0.514869 0.419207 0.526253 0.00114555
13 0.488472 0.514869 0.419207 0.526253 0.00114356
9 0.486674 0.515164 0.420521 0.502928 0.00104774
21 0.488472 0.514869 0.419207 0.526253 0.00103848
