5 0.525448 0.74152 0.184555 0.189952 0.894091
5 0.724238 0.691763 0.210579 0.279719 0.339201
6 0.724238 0.691763 0.210579 0.279719 0.0325766
11 0.724238 0.691763 0.210579 0.279719 0.00526525
19 0.525522 0.741058 0.184413 0.189327 0.00450741
14 0.525038 0.741335 0.185318 0.193007 0.0040844
13 0.724238 0.691763 0.210579 0.279719 0.00375444
0 0.525522 0.741058 0.184413 0.189327 0.00358417
6 0.525522 0.741058 0.184413 0.189327 0.00339435
7 0.525522 0.741058 0.184413 0.189327 0.00335707
8 0.525522 0.741058 0.184413 0.189327 0.00332335
1 0.525038 0.741335 0.185318 0.193007 0.00324121
4 0.525522 0.741058 0.184413 0.189327 0.0032113
10 0.525522 0.741058 0.184413 0.189327 0.00314583
18 0.525038 0.741335 0.185318 0.193007 0.00312859
11 0.525522 0.741058 0.184413 0.189327 0.00291048
17 0.525522 0.741058 0.184413 0.189327 0.00272178
13 0.525522 0.741058 0.184413 0.189327 0.00262746
20 0.525522 0.741058 0.184413 0.189327 0.00258247
22 0.525522 0.741058 0.184413 0.189327 0.00243893
9 0.525522 0.741058 0.184413 0.189327 0.00243047
15 0.525522 0.741058 0.184413 0.189327 0.00228344
16 0.525038 0.741335 0.185318 0.193007 0.00222383
12 0.525522 0.741058 0.184413 0.189327 0.00215207
21 0.525038 0.741335 0.185318 0.193007 0.002046
2 0.525522 0.741058 0.184413 0.189327 0.00202429
16 0.724238 0.691763 0.210579 0.279719 0.00196592
3 0.525522 0.741058 0.184413 0.189327 0.00185185
10 0.724238 0.691763 0.210579 0.279719 0.00163121
19 0.724238 0.691763 0.210579 0.279719 0.00161209
20 0.724238 0.691763 0.210579 0.279719 0.00142801
0 0.725804 0.69358 0.207728 0.277045 0.00136269
