5 0.456824 0.500307 0.418918 0.516187 0.80824
5 0.466126 0.601927 0.34152 0.437802 0.00573197
1 0.457578 0.4997 0.421458 0.533416 0.00436832
7 0.457578 0.4997 0.421458 0.533416 0.00349195
4 0.457578 0.4997 0.421458 0.533416 0.0031124
19 0.457578 0.4997 0.421458 0.533416 0.00258436
8 0.457578 0.4997 0.421458 0.533416 0.00180675
22 0.457578 0.4997 0.421458 0.533416 0.00162685
18 0.457578 0.4997 0.421458 0.533416 0.00146887
11 0.457578 0.4997 0.421458 0.533416 0.00142557
6 0.457578 0.4997 0.421458 0.533416 0.00134081
20 0.457578 0.4997 0.421458 0.533416 0.00132471
14 0.457578 0.4997 0.421458 0.533416 0.00124641
17 0.457578 0.4997 0.421458 0.533416 0.00123861
0 0.457578 0.4997 0.421458 0.533416 0.00122527
12 0.457578 0.4997 0.421458 0.533416 0.0011934
10 0.457578 0.4997 0.421458 0.533416 0.00114408
16 0.457578 0.4997 0.421458 0.533416 0.00110766
15 0.457578 0.4997 0.421458 0.533416 0.00109966
3 0.457578 0.4997 0.421458 0.533416 0.00107965
13 0.457578 0.4997 0.421458 0.533416 0.00102807
