1 0.51484 0.523226 0.161396 0.187878 0.929782
4 0.777835 0.291326 0.198229 0.216716 0.851554
1 0.665107 0.508747 0.150598 0.188203 0.697225
4 0.41861 0.292903 0.212234 0.293341 0.635194
1 0.317466 0.535413 0.171478 0.192677 0.0770147
5 0.416739 0.290854 0.217612 0.27886 0.0259174
4 0.515538 0.522271 0.164885 0.185289 0.014714
1 0.778623 0.290801 0.201133 0.203834 0.0133141
5 0.778623 0.290801 0.201133 0.203834 0.0122055
4 0.663408 0.508279 0.152524 0.189415 0.0121775
0 0.515538 0.522271 0.164885 0.185289 0.0119418
1 0.416739 0.290854 0.217612 0.27886 0.0118406
0 0.665089 0.508255 0.153677 0.181767 0.00853677
4 0.317119 0.537908 0.167081 0.198933 0.00839348
8 0.778623 0.290801 0.201133 0.203834 0.00758393
17 0.515538 0.522271 0.164885 0.185289 0.00715479
19 0.777812 0.292304 0.196108 0.206265 0.00705662
17 0.777812 0.292304 0.196108 0.206265 0.00677946
8 0.416739 0.290854 0.217612 0.27886 0.00624745
8 0.513072 0.521935 0.164061 0.185763 0.00620611
14 0.778623 0.290801 0.201133 0.203834 0.00589309
22 0.416739 0.290854 0.217612 0.27886 0.00585134
5 0.515538 0.522271 0.164885 0.185289 0.0057765
14 0.515538 0.522271 0.164885 0.185289 0.00560856
15 0.777812 0.292304 0.196108 0.206265 0.00560155
22 0.515538 0.522271 0.164885 0.185289 0.00546064
18 0.514906 0.522376 0.16482 0.183761 0.00541458
17 0.418958 0.291134 0.214898 0.273873 0.00533843
2 0.778623 0.290801 0.201133 0.203834 0.00524365
22 0.665089 0.508255 0.153677 0.181767 0.0047178
22 0.777812 0.292304 0.196108 0.206265 0.00468805
19 0.419553 0.291557 0.217491 0.276373 0.00468252
17 0.665089 0.508255 0.153677 0.181767 0.00455089
8 0.665089 0.508255 0.153677 0.181767 0.00454298
15 0.514906 0.522376 0.16482 0.183761 0.00451148
0 0.778623 0.290801 0.201133 0.203834 0.00449452
2 0.514906 0.522376 0.16482 0.183761 0.00442659
10 0.777812 0.292304 0.196108 0.206265 0.004346
11 0.514906 0.522376 0.16482 0.183761 0.00422885
14 0.418958 0.291134 0.214898 0.273873 0.00412536
20 0.777812 0.292304 0.196108 0.206265 0.00403197
16 0.778623 0.290801 0.201133 0.203834 0.00400881
3 0.515538 0.522271 0.164885 0.185289 0.00373221
7 0.515538 0.522271 0.164885 0.185289 0.00371173
2 0.418958 0.291134 0.214898 0.273873 0.00355846
10 0.418958 0.291134 0.214898 0.273873 0.00339667
18 0.778623 0.290801 0.201133 0.203834 0.00336906
5 0.665089 0.508255 0.153677 0.181767 0.00331758
20 0.513072 0.521935 0.164061 0.185763 0.00328738
6 0.515538 0.522271 0.164885 0.185289 0.00328213
2 0.665089 0.508255 0.153677 0.181767 0.00319769
16 0.514906 0.522376 0.16482 0.183761 0.00319395
10 0.513072 0.521935 0.164061 0.185763 0.00318797
21 0.514906 0.522376 0.16482 0.183761 0.00317475
14 0.665089 0.508255 0.153677 0.181767 0.0031491
0 0.419553 0.291557 0.217491 0.276373 0.00309373
9 0.514906 0.522376 0.16482 0.183761 0.00305198
12 0.514906 0.522376 0.16482 0.183761 0.00301299
18 0.665089 0.508255 0.153677 0.181767 0.0029912
15 0.419553 0.291557 0.217491 0.276373 0.00296766
12 0.778623 0.290801 0.201133 0.203834 0.0028959
21 0.777812 0.292304 0.196108 0.206265 0.00283762
11 0.665089 0.508255 0.153677 0.181767 0.00280884
9 0.778623 0.290801 0.201133 0.203834 0.00272487
16 0.418958 0.291134 0.214898 0.273873 0.00272227
20 0.419553 0.291557 0.217491 0.276373 0.00269354
13 0.514906 0.522376 0.16482 0.183761 0.00266173
19 0.515538 0.522271 0.164885 0.185289 0.00261769
7 0.665089 0.508255 0.153677 0.181767 0.00260195
6 0.778623 0.290801 0.201133 0.203834 0.00256558
13 0.778623 0.290801 0.201133 0.203834 0.00253639
15 0.665089 0.508255 0.153677 0.181767 0.00247798
3 0.665089 0.508255 0.153677 0.181767 0.00243975
3 0.777812 0.292304 0.196108 0.206265 0.00243831
7 0.777812 0.292304 0.196108 0.206265 0.00232836
12 0.665089 0.508255 0.153677 0.181767 0.00231079
11 0.777812 0.292304 0.196108 0.206265 0.00230472
16 0.665089 0.508255 0.153677 0.181767 0.00228197
6 0.665089 0.508255 0.153677 0.181767 0.00224527
20 0.665089 0.508255 0.153677 0.181767 0.00219693
7 0.416739 0.290854 0.217612 0.27886 0.00216411
9 0.665089 0.508255 0.153677 0.181767 0.00214915
18 0.418958 0.291134 0.214898 0.273873 0.00213821
10 0.6623 0.508894 0.154576 0.18696 0.0021286
21 0.665089 0.508255 0.153677 0.181767 0.00208407
3 0.416739 0.290854 0.217612 0.27886 0.00197046
12 0.418958 0.291134 0.214898 0.273873 0.00189262
19 0.665089 0.508255 0.153677 0.181767 0.00186173
13 0.416739 0.290854 0.217612 0.27886 0.00183693
9 0.418958 0.291134 0.214898 0.273873 0.0018091
21 0.419553 0.291557 0.217491 0.276373 0.00177094
6 0.418958 0.291134 0.214898 0.273873 0.0017625
13 0.665089 0.508255 0.153677 0.181767 0.00175083
0 0.316849 0.537456 0.169006 0.194057 0.00172379
17 0.316849 0.537456 0.169006 0.194057 0.00163086
11 0.419553 0.291557 0.217491 0.276373 0.00160341
22 0.316849 0.537456 0.169006 0.194057 0.00146759
8 0.317466 0.535413 0.171478 0.192677 0.00133591
14 0.316849 0.537456 0.169006 0.194057 0.00107185
