14 0.55166 0.457357 0.277479 0.278228 0.886231
14 0.291796 0.293186 0.272586 0.28968 0.313573
7 0.551397 0.460329 0.280125 0.270667 0.0408623
17 0.21519 0.272234 0.430381 0.335495 0.0270599
1 0.552521 0.456293 0.277246 0.270835 0.0236859
4 0.289509 0.27123 0.271094 0.338353 0.0128466
17 0.281407 0.294757 0.279575 0.289404 0.0115237
17 0.552521 0.456293 0.277246 0.270835 0.0106395
15 0.551397 0.460329 0.280125 0.270667 0.0105415
11 0.281407 0.294757 0.279575 0.289404 0.00690002
10 0.552521 0.456293 0.277246 0.270835 0.00608989
8 0.552521 0.456293 0.277246 0.270835 0.00572967
11 0.552521 0.456293 0.277246 0.270835 0.00558501
21 0.552521 0.456293 0.277246 0.270835 0.00542727
4 0.552521 0.456293 0.277246 0.270835 0.00524258
5 0.552521 0.456293 0.277246 0.270835 0.0050217
7 0.281407 0.294757 0.279575 0.289404 0.00475857
10 0.291796 0.293186 0.272586 0.28968 0.00414693
22 0.552521 0.456293 0.277246 0.270835 0.00389691
3 0.549872 0.458382 0.279479 0.267121 0.00368456
1 0.291796 0.293186 0.272586 0.28968 0.00366292
5 0.289509 0.27123 0.271094 0.338353 0.00359563
11 0.21744 0.292594 0.426468 0.327253 0.00335465
14 0.553346 0.45824 0.171054 0.261264 0.00329795
2 0.552521 0.456293 0.277246 0.270835 0.00314798
13 0.552521 0.456293 0.277246 0.270835 0.00310164
15 0.281407 0.294757 0.279575 0.289404 0.00303254
20 0.552521 0.456293 0.277246 0.270835 0.00296814
0 0.552521 0.456293 0.277246 0.270835 0.00291375
12 0.552521 0.456293 0.277246 0.270835 0.00273495
18 0.552521 0.456293 0.277246 0.270835 0.00267116
22 0.281407 0.294757 0.279575 0.289404 0.00260727
16 0.552521 0.456293 0.277246 0.270835 0.00250558
6 0.552521 0.456293 0.277246 0.270835 0.0024379
21 0.291796 0.293186 0.272586 0.28968 0.00228807
19 0.552521 0.456293 0.277246 0.270835 0.00219394
14 0.21519 0.272234 0.430381 0.335495 0.0021385
8 0.291796 0.293186 0.272586 0.28968 0.00212717
13 0.281407 0.294757 0.279575 0.289404 0.00210024
14 0.288466 0.290113 0.167194 0.279608 0.00206039
9 0.552521 0.456293 0.277246 0.270835 0.00203815
2 0.281407 0.294757 0.279575 0.289404 0.00185686
17 0.216688 0.394028 0.433376 0.47328 0.00169749
3 0.281407 0.294757 0.279575 0.289404 0.00158671
14 0.237181 0.390177 0.433882 0.449726 0.00138966
20 0.281407 0.294757 0.279575 0.289404 0.00133859
16 0.281407 0.294757 0.279575 0.289404 0.00133571
19 0.281407 0.294757 0.279575 0.289404 0.00133018
0 0.291796 0.293186 0.272586 0.28968 0.00121853
12 0.291796 0.293186 0.272586 0.28968 0.00118535
11 0.237181 0.390177 0.433882 0.449726 0.00118087
6 0.281407 0.294757 0.279575 0.289404 0.00110979
9 0.281407 0.294757 0.279575 0.289404 0.00109159
7 0.2138 0.273354 0.4276 0.314245 0.00101149
