1 0.498079 0.51916 0.264191 0.240846 0.930946
1 0.759651 0.53905 0.207999 0.207182 0.929712
1 0.227657 0.504053 0.253611 0.236096 0.903402
0 0.760671 0.539418 0.209727 0.204695 0.00560298
4 0.761344 0.538128 0.213229 0.208043 0.00511762
4 0.498541 0.51845 0.266331 0.237495 0.00481139
18 0.760671 0.539418 0.209727 0.204695 0.00475224
17 0.761344 0.538128 0.213229 0.208043 0.00460604
22 0.760584 0.538656 0.213379 0.203099 0.00452447
4 0.226898 0.50333 0.255598 0.23603 0.00444373
0 0.226898 0.50333 0.255598 0.23603 0.00436769
18 0.497446 0.519971 0.269636 0.237867 0.00435481
0 0.497446 0.519971 0.269636 0.237867 0.00433521
2 0.760584 0.538656 0.213379 0.203099 0.0042767
15 0.760671 0.539418 0.209727 0.204695 0.00419704
18 0.226838 0.503354 0.250671 0.237173 0.00409959
22 0.226898 0.50333 0.255598 0.23603 0.00405762
5 0.226838 0.503354 0.250671 0.237173 0.00405468
22 0.498541 0.51845 0.266331 0.237495 0.00398014
5 0.761344 0.538128 0.213229 0.208043 0.00392313
8 0.498541 0.51845 0.266331 0.237495 0.00390802
3 0.761344 0.538128 0.213229 0.208043 0.00384924
2 0.497446 0.519971 0.269636 0.237867 0.00382647
8 0.760584 0.538656 0.213379 0.203099 0.00381707
17 0.226898 0.50333 0.255598 0.23603 0.00381074
2 0.226898 0.50333 0.255598 0.23603 0.00377996
15 0.498541 0.51845 0.266331 0.237495 0.00366753
15 0.226838 0.503354 0.250671 0.237173 0.00353532
17 0.498541 0.51845 0.266331 0.237495 0.00351766
3 0.498541 0.51845 0.266331 0.237495 0.00351362
7 0.761344 0.538128 0.213229 0.208043 0.00351012
11 0.761344 0.538128 0.213229 0.208043 0.0034778
14 0.761344 0.538128 0.213229 0.208043 0.00340842
8 0.226898 0.50333 0.255598 0.23603 0.00338539
3 0.226838 0.503354 0.250671 0.237173 0.0033672
7 0.226838 0.503354 0.250671 0.237173 0.00335023
7 0.498541 0.51845 0.266331 0.237495 0.00314458
6 0.761344 0.538128 0.213229 0.208043 0.0030787
10 0.760584 0.538656 0.213379 0.203099 0.00300046
20 0.760671 0.539418 0.209727 0.204695 0.00299566
21 0.760584 0.538656 0.213379 0.203099 0.00298595
5 0.497446 0.519971 0.269636 0.237867 0.00287393
11 0.226898 0.50333 0.255598 0.23603 0.00282274
21 0.498541 0.51845 0.266331 0.237495 0.00280801
6 0.226898 0.50333 0.255598 0.23603 0.00278875
14 0.498541 0.51845 0.266331 0.237495 0.00272691
14 0.226838 0.503354 0.250671 0.237173 0.0027264
10 0.497446 0.519971 0.269636 0.237867 0.00272155
16 0.760584 0.538656 0.213379 0.203099 0.00270045
21 0.226838 0.503354 0.250671 0.237173 0.0026957
20 0.226838 0.503354 0.250671 0.237173 0.00262653
20 0.497446 0.519971 0.269636 0.237867 0.00262214
12 0.760584 0.538656 0.213379 0.203099 0.00260797
10 0.226838 0.503354 0.250671 0.237173 0.00260489
6 0.498541 0.51845 0.266331 0.237495 0.00259365
9 0.760584 0.538656 0.213379 0.203099 0.00245472
16 0.226898 0.50333 0.255598 0.23603 0.00239744
11 0.497446 0.519971 0.269636 0.237867 0.0023885
19 0.760671 0.539418 0.209727 0.204695 0.00238147
16 0.497446 0.519971 0.269636 0.237867 0.00238033
12 0.226838 0.503354 0.250671 0.237173 0.00232434
12 0.498541 0.51845 0.266331 0.237495 0.00226081
13 0.760584 0.538656 0.213379 0.203099 0.00224791
19 0.226838 0.503354 0.250671 0.237173 0.00217373
9 0.226898 0.50333 0.255598 0.23603 0.00212358
13 0.226898 0.50333 0.255598 0.23603 0.00210538
19 0.497446 0.519971 0.269636 0.237867 0.00207356
9 0.497446 0.519971 0.269636 0.237867 0.0020671
13 0.497446 0.519971 0.269636 0.237867 0.00201737
11 0.939633 0.712551 0.120236 0.27165 0.00114997
