17 0.549955 0.670703 0.38365 0.288782 0.00927526
17 0.509179 0.705962 0.347064 0.205788 0.00354366
15 0.409873 0.424459 0.143378 0.280181 0.00204238
17 0.56046 0.611545 0.318085 0.426333 0.0019166
17 0.544652 0.73578 0.357352 0.144825 0.0018159
15 0.431191 0.440226 0.0780717 0.16704 0.00160689
17 0.452459 0.658262 0.434202 0.298161 0.00158201
11 0.144313 0.0343278 0.0719161 0.0686556 0.00135266
15 0.556013 0.427654 0.101956 0.129486 0.00133191
11 0.398229 0.153719 0.042216 0.0807431 0.00122991
5 0.439855 0.711344 0.189356 0.196755 0.00121079
