10 0.780159 0.576773 0.136724 0.205417 0.47711
1 0.509911 0.555539 0.281781 0.235588 0.402791
10 0.508541 0.543046 0.27307 0.220512 0.221999
20 0.509336 0.546931 0.281465 0.217514 0.0290625
14 0.512247 0.553048 0.275093 0.222527 0.0274674
22 0.512247 0.553048 0.275093 0.222527 0.0206452
3 0.512247 0.553048 0.275093 0.222527 0.0166328
2 0.512247 0.553048 0.275093 0.222527 0.0156956
13 0.509336 0.546931 0.281465 0.217514 0.0143915
4 0.511416 0.543192 0.277195 0.215857 0.0135996
21 0.512247 0.553048 0.275093 0.222527 0.00913528
8 0.50988 0.552495 0.26906 0.232912 0.00853148
11 0.512247 0.553048 0.275093 0.222527 0.00774555
17 0.511416 0.543192 0.277195 0.215857 0.00742476
6 0.512247 0.553048 0.275093 0.222527 0.00726862
14 0.780409 0.57436 0.138798 0.208686 0.00620267
1 0.780112 0.576573 0.137078 0.206808 0.00612767
18 0.512247 0.553048 0.275093 0.222527 0.00559637
17 0.780649 0.575843 0.135312 0.207077 0.00536502
0 0.509911 0.555539 0.281781 0.235588 0.00489313
11 0.780112 0.576573 0.137078 0.206808 0.00404123
4 0.780112 0.576573 0.137078 0.206808 0.0037779
12 0.512247 0.553048 0.275093 0.222527 0.00321966
16 0.512247 0.553048 0.275093 0.222527 0.00315053
15 0.512247 0.553048 0.275093 0.222527 0.00314693
7 0.50988 0.552495 0.26906 0.232912 0.00313777
9 0.512247 0.553048 0.275093 0.222527 0.0030791
1 0.16134 0.562972 0.322681 0.225506 0.00294136
22 0.780649 0.575843 0.135312 0.207077 0.00247576
19 0.512247 0.553048 0.275093 0.222527 0.00217461
2 0.780159 0.576773 0.136724 0.205417 0.00203043
20 0.78076 0.574321 0.13572 0.197301 0.00183333
6 0.780159 0.576773 0.136724 0.205417 0.00182989
10 0.470241 0.575908 0.23657 0.24706 0.00175766
11 0.158604 0.562178 0.316886 0.216698 0.00167993
21 0.780112 0.576573 0.137078 0.206808 0.00163912
5 0.780649 0.575843 0.135312 0.207077 0.00155052
10 0.170439 0.563489 0.335236 0.229074 0.00146394
8 0.780112 0.576573 0.137078 0.206808 0.00143006
0 0.780342 0.576954 0.134024 0.205209 0.00142757
9 0.780649 0.575843 0.135312 0.207077 0.00106498
1 0.510371 0.555866 0.169724 0.228812 0.00105623
10 0.443168 0.561326 0.150174 0.218833 0.0010135
12 0.780159 0.576773 0.136724 0.205417 0.00100402
