4 0.480374 0.551121 0.223763 0.352241 0.86861
4 0.731341 0.511576 0.186598 0.328168 0.711883
4 0.917905 0.483471 0.164189 0.350122 0.487119
8 0.919183 0.48358 0.161635 0.35036 0.10948
8 0.731341 0.511576 0.186598 0.328168 0.0139623
8 0.479551 0.551241 0.225856 0.336781 0.0120588
5 0.916255 0.482574 0.16749 0.340309 0.0104204
1 0.731341 0.511576 0.186598 0.328168 0.00986961
5 0.730601 0.511203 0.183325 0.333331 0.00980172
1 0.479551 0.551241 0.225856 0.336781 0.00929409
1 0.916231 0.482102 0.165763 0.330888 0.00887244
5 0.479551 0.551241 0.225856 0.336781 0.00837442
19 0.481371 0.550878 0.225887 0.338853 0.00752772
19 0.916255 0.482574 0.16749 0.340309 0.00607599
17 0.479551 0.551241 0.225856 0.336781 0.00576977
19 0.731341 0.511576 0.186598 0.328168 0.00576713
10 0.730601 0.511203 0.183325 0.333331 0.00458577
14 0.731341 0.511576 0.186598 0.328168 0.00456738
2 0.479551 0.551241 0.225856 0.336781 0.00447273
15 0.481371 0.550878 0.225887 0.338853 0.00444644
0 0.730601 0.511203 0.183325 0.333331 0.00424834
22 0.730601 0.511203 0.183325 0.333331 0.00414806
2 0.731341 0.511576 0.186598 0.328168 0.00414471
14 0.481371 0.550878 0.225887 0.338853 0.00413647
20 0.481371 0.550878 0.225887 0.338853 0.00409343
17 0.730601 0.511203 0.183325 0.333331 0.00405296
10 0.479551 0.551241 0.225856 0.336781 0.00403004
10 0.916255 0.482574 0.16749 0.340309 0.00378773
20 0.731341 0.511576 0.186598 0.328168 0.00378602
22 0.916231 0.482102 0.165763 0.330888 0.00370332
22 0.481371 0.550878 0.225887 0.338853 0.00355286
2 0.916255 0.482574 0.16749 0.340309 0.00349748
14 0.916255 0.482574 0.16749 0.340309 0.00340984
16 0.481371 0.550878 0.225887 0.338853 0.0033375
16 0.731341 0.511576 0.186598 0.328168 0.00323293
15 0.730601 0.511203 0.183325 0.333331 0.00320769
0 0.481371 0.550878 0.225887 0.338853 0.00303952
17 0.916255 0.482574 0.16749 0.340309 0.00302266
18 0.479551 0.551241 0.225856 0.336781 0.00293925
11 0.730601 0.511203 0.183325 0.333331 0.00281225
15 0.916255 0.482574 0.16749 0.340309 0.0027792
11 0.916255 0.482574 0.16749 0.340309 0.00271512
18 0.731341 0.511576 0.186598 0.328168 0.00266319
20 0.916255 0.482574 0.16749 0.340309 0.00263827
16 0.916255 0.482574 0.16749 0.340309 0.00252032
11 0.481371 0.550878 0.225887 0.338853 0.00247196
21 0.481371 0.550878 0.225887 0.338853 0.00243439
0 0.916255 0.482574 0.16749 0.340309 0.00238234
12 0.479551 0.551241 0.225856 0.336781 0.00237555
12 0.731341 0.511576 0.186598 0.328168 0.00233563
3 0.481371 0.550878 0.225887 0.338853 0.00221943
18 0.916255 0.482574 0.16749 0.340309 0.00221907
21 0.730601 0.511203 0.183325 0.333331 0.00217176
6 0.731341 0.511576 0.186598 0.328168 0.00207808
6 0.479551 0.551241 0.225856 0.336781 0.00206916
9 0.479551 0.551241 0.225856 0.336781 0.00205877
3 0.730601 0.511203 0.183325 0.333331 0.00205448
9 0.731341 0.511576 0.186598 0.328168 0.00200616
21 0.916255 0.482574 0.16749 0.340309 0.00196335
13 0.731341 0.511576 0.186598 0.328168 0.00194971
13 0.479551 0.551241 0.225856 0.336781 0.00191664
12 0.916255 0.482574 0.16749 0.340309 0.00189214
3 0.916231 0.482102 0.165763 0.330888 0.00177342
4 0.695073 0.552039 0.2544 0.304785 0.00175128
9 0.916255 0.482574 0.16749 0.340309 0.00170669
7 0.479551 0.551241 0.225856 0.336781 0.00163453
13 0.916255 0.482574 0.16749 0.340309 0.0015578
6 0.916255 0.482574 0.16749 0.340309 0.00153126
7 0.730601 0.511203 0.183325 0.333331 0.00144713
7 0.916231 0.482102 0.165763 0.330888 0.00117476
