5 0.431621 0.615956 0.218963 0.322563 0.759255
4 0.430898 0.615798 0.223265 0.326292 0.00656023
1 0.433094 0.616263 0.226979 0.323046 0.00472364
8 0.433094 0.616263 0.226979 0.323046 0.00402489
10 0.433094 0.616263 0.226979 0.323046 0.00297019
19 0.430898 0.615798 0.223265 0.326292 0.00295768
0 0.430898 0.615798 0.223265 0.326292 0.00287907
11 0.433094 0.616263 0.226979 0.323046 0.00284845
14 0.430898 0.615798 0.223265 0.326292 0.00268546
6 0.433094 0.616263 0.226979 0.323046 0.00248801
22 0.433094 0.616263 0.226979 0.323046 0.00233449
18 0.430898 0.615798 0.223265 0.326292 0.00216266
17 0.433562 0.61538 0.223025 0.329517 0.00213053
7 0.433094 0.616263 0.226979 0.323046 0.00200475
13 0.433094 0.616263 0.226979 0.323046 0.00180842
20 0.433562 0.61538 0.223025 0.329517 0.00179263
16 0.433562 0.61538 0.223025 0.329517 0.00171091
12 0.430898 0.615798 0.223265 0.326292 0.00161559
2 0.433094 0.616263 0.226979 0.323046 0.00151576
9 0.433094 0.616263 0.226979 0.323046 0.00151102
15 0.430898 0.615798 0.223265 0.326292 0.00149232
3 0.433094 0.616263 0.226979 0.323046 0.00146881
21 0.430898 0.615798 0.223265 0.326292 0.00145646
18 0.245362 0.282075 0.0782547 0.0547837 0.00135961
5 0.801485 0.263162 0.134841 0.320495 0.00107731
