1 0.610092 0.675152 0.24056 0.203724 0.896354
8 0.608245 0.68233 0.241584 0.206026 0.00974317
22 0.611294 0.690945 0.248971 0.224443 0.00967461
2 0.608245 0.68233 0.241584 0.206026 0.00777363
0 0.609294 0.677951 0.2472 0.198963 0.00735267
4 0.609403 0.674536 0.244119 0.200978 0.00667918
3 0.608218 0.682453 0.235082 0.203303 0.00528797
18 0.609294 0.677951 0.2472 0.198963 0.00492444
17 0.609403 0.674536 0.244119 0.200978 0.00413975
14 0.609294 0.677951 0.2472 0.198963 0.0037919
7 0.609294 0.677951 0.2472 0.198963 0.00370914
15 0.609403 0.674536 0.244119 0.200978 0.00344694
5 0.609403 0.674536 0.244119 0.200978 0.00338673
21 0.609294 0.677951 0.2472 0.198963 0.00309958
16 0.609294 0.677951 0.2472 0.198963 0.00273606
6 0.609403 0.674536 0.244119 0.200978 0.00270855
11 0.609403 0.674536 0.244119 0.200978 0.0026939
12 0.609294 0.677951 0.2472 0.198963 0.00258921
10 0.609403 0.674536 0.244119 0.200978 0.00257814
20 0.609403 0.674536 0.244119 0.200978 0.00255474
13 0.609294 0.677951 0.2472 0.198963 0.00246835
9 0.609294 0.677951 0.2472 0.198963 0.00237671
19 0.609294 0.677951 0.2472 0.198963 0.00214078
