1 0.490322 0.51334 0.245699 0.248743 0.902753
1 0.72995 0.521836 0.210288 0.220447 0.883446
0 0.730315 0.521652 0.209826 0.224466 0.119445
0 0.489297 0.513629 0.250015 0.251504 0.00790515
18 0.72964 0.522486 0.209239 0.214975 0.00607052
17 0.489297 0.513629 0.250015 0.251504 0.00606336
8 0.728815 0.521685 0.20859 0.215066 0.00574942
17 0.729168 0.520335 0.210188 0.216408 0.0057059
22 0.729168 0.520335 0.210188 0.216408 0.0054554
18 0.489778 0.514631 0.246685 0.249435 0.00461659
8 0.489025 0.513486 0.246623 0.248623 0.00459007
4 0.728815 0.521685 0.20859 0.215066 0.00454119
4 0.489025 0.513486 0.246623 0.248623 0.0044107
3 0.72964 0.522486 0.209239 0.214975 0.0043525
2 0.72964 0.522486 0.209239 0.214975 0.0043252
22 0.489025 0.513486 0.246623 0.248623 0.00424335
15 0.489778 0.514631 0.246685 0.249435 0.00390274
2 0.489025 0.513486 0.246623 0.248623 0.00387633
15 0.72964 0.522486 0.209239 0.214975 0.00365551
3 0.489025 0.513486 0.246623 0.248623 0.00361989
11 0.729168 0.520335 0.210188 0.216408 0.00351579
7 0.728815 0.521685 0.20859 0.215066 0.00346926
7 0.489025 0.513486 0.246623 0.248623 0.00342618
5 0.489297 0.513629 0.250015 0.251504 0.00327095
6 0.489297 0.513629 0.250015 0.251504 0.00323717
20 0.72964 0.522486 0.209239 0.214975 0.00322174
14 0.728815 0.521685 0.20859 0.215066 0.0032181
11 0.489297 0.513629 0.250015 0.251504 0.00321201
14 0.489025 0.513486 0.246623 0.248623 0.00311465
21 0.728815 0.521685 0.20859 0.215066 0.00306756
20 0.489297 0.513629 0.250015 0.251504 0.00304955
5 0.728815 0.521685 0.20859 0.215066 0.00302878
16 0.72964 0.522486 0.209239 0.214975 0.00293171
6 0.729168 0.520335 0.210188 0.216408 0.00288851
10 0.72964 0.522486 0.209239 0.214975 0.00284391
21 0.489025 0.513486 0.246623 0.248623 0.00284128
12 0.72964 0.522486 0.209239 0.214975 0.00271644
10 0.489778 0.514631 0.246685 0.249435 0.00268449
9 0.72964 0.522486 0.209239 0.214975 0.00264476
13 0.72964 0.522486 0.209239 0.214975 0.0026101
16 0.489025 0.513486 0.246623 0.248623 0.00252023
19 0.72964 0.522486 0.209239 0.214975 0.0024096
12 0.489025 0.513486 0.246623 0.248623 0.00236598
13 0.489297 0.513629 0.250015 0.251504 0.00228439
19 0.489025 0.513486 0.246623 0.248623 0.00214069
9 0.489025 0.513486 0.246623 0.248623 0.00213345
