1 0.191086 0.453534 0.361953 0.341299 0.903362
1 0.521005 0.492331 0.292358 0.36056 0.888756
0 0.190755 0.453187 0.362206 0.342792 0.0047737
4 0.522517 0.493757 0.302568 0.36209 0.00417509
22 0.190865 0.454724 0.358524 0.339644 0.00398339
3 0.190755 0.453187 0.362206 0.342792 0.00379998
2 0.190865 0.454724 0.358524 0.339644 0.00373117
7 0.521061 0.492983 0.292083 0.36117 0.00371306
22 0.521061 0.492983 0.292083 0.36117 0.00360884
17 0.190755 0.453187 0.362206 0.342792 0.00354108
18 0.190865 0.454724 0.358524 0.339644 0.00347702
14 0.521061 0.492983 0.292083 0.36117 0.00347153
15 0.521061 0.492983 0.292083 0.36117 0.00342223
7 0.190865 0.454724 0.358524 0.339644 0.00335844
4 0.190865 0.454724 0.358524 0.339644 0.00334516
2 0.521061 0.492983 0.292083 0.36117 0.00332652
15 0.190865 0.454724 0.358524 0.339644 0.00326119
17 0.522517 0.493757 0.302568 0.36209 0.00324298
18 0.521061 0.492983 0.292083 0.36117 0.00322156
5 0.521061 0.492983 0.292083 0.36117 0.00299556
3 0.522517 0.493757 0.302568 0.36209 0.00299238
8 0.522517 0.493757 0.302568 0.36209 0.00291961
8 0.190755 0.453187 0.362206 0.342792 0.00269421
0 0.522517 0.493757 0.302568 0.36209 0.00269381
14 0.190865 0.454724 0.358524 0.339644 0.00254372
21 0.190865 0.454724 0.358524 0.339644 0.00231392
11 0.190755 0.453187 0.362206 0.342792 0.00230341
5 0.190755 0.453187 0.362206 0.342792 0.00222238
11 0.522517 0.493757 0.302568 0.36209 0.00219564
21 0.521061 0.492983 0.292083 0.36117 0.00214902
6 0.522517 0.493757 0.302568 0.36209 0.0021367
6 0.190755 0.453187 0.362206 0.342792 0.00211841
16 0.521061 0.492983 0.292083 0.36117 0.00197416
20 0.521061 0.492983 0.292083 0.36117 0.0019119
12 0.190865 0.454724 0.358524 0.339644 0.00189629
16 0.190865 0.454724 0.358524 0.339644 0.0018837
12 0.521061 0.492983 0.292083 0.36117 0.00188195
20 0.190865 0.454724 0.358524 0.339644 0.00184076
1 0.515211 0.491424 0.168592 0.340437 0.00177785
10 0.521061 0.492983 0.292083 0.36117 0.00169205
19 0.521061 0.492983 0.292083 0.36117 0.00168473
13 0.190755 0.453187 0.362206 0.342792 0.00162491
9 0.522517 0.493757 0.302568 0.36209 0.00160352
10 0.190865 0.454724 0.358524 0.339644 0.00159032
13 0.522517 0.493757 0.302568 0.36209 0.00152678
19 0.190865 0.454724 0.358524 0.339644 0.00149907
9 0.190865 0.454724 0.358524 0.339644 0.00147992
1 0.186377 0.44826 0.170403 0.326181 0.00106222
