5 0.553262 0.549823 0.25227 0.494128 0.899224
5 0.318699 0.589604 0.316067 0.435159 0.837635
1 0.553262 0.549823 0.25227 0.494128 0.00371912
19 0.31771 0.589329 0.322113 0.436503 0.00328892
19 0.553262 0.549823 0.25227 0.494128 0.00321866
1 0.31771 0.589329 0.322113 0.436503 0.00311301
4 0.31771 0.589329 0.322113 0.436503 0.0030404
8 0.31771 0.589329 0.322113 0.436503 0.00284997
7 0.553262 0.549823 0.25227 0.494128 0.0026416
7 0.318618 0.588097 0.314321 0.446854 0.00260608
11 0.553262 0.549823 0.25227 0.494128 0.00259529
4 0.553262 0.549823 0.25227 0.494128 0.00253706
8 0.553262 0.549823 0.25227 0.494128 0.00249702
11 0.31771 0.589329 0.322113 0.436503 0.00246022
18 0.553262 0.549823 0.25227 0.494128 0.00230796
14 0.553262 0.549823 0.25227 0.494128 0.00217675
0 0.31771 0.589329 0.322113 0.436503 0.00217344
14 0.31771 0.589329 0.322113 0.436503 0.00215921
6 0.553262 0.549823 0.25227 0.494128 0.00212681
0 0.553262 0.549823 0.25227 0.494128 0.00212081
6 0.31771 0.589329 0.322113 0.436503 0.00208856
18 0.31771 0.589329 0.322113 0.436503 0.00201787
10 0.31771 0.589329 0.322113 0.436503 0.00197751
10 0.553262 0.549823 0.25227 0.494128 0.001808
20 0.31771 0.589329 0.322113 0.436503 0.00176545
20 0.553262 0.549823 0.25227 0.494128 0.00174885
17 0.553262 0.549823 0.25227 0.494128 0.00172675
22 0.31771 0.589329 0.322113 0.436503 0.00169976
22 0.553262 0.549823 0.25227 0.494128 0.00162959
15 0.553262 0.549823 0.25227 0.494128 0.0015763
12 0.553262 0.549823 0.25227 0.494128 0.00149644
17 0.31771 0.589329 0.322113 0.436503 0.00149219
13 0.31771 0.589329 0.322113 0.436503 0.00148733
12 0.31771 0.589329 0.322113 0.436503 0.00146487
16 0.31771 0.589329 0.322113 0.436503 0.00145751
16 0.553262 0.549823 0.25227 0.494128 0.00144898
3 0.553262 0.549823 0.25227 0.494128 0.00138232
3 0.31771 0.589329 0.322113 0.436503 0.00136258
15 0.31771 0.589329 0.322113 0.436503 0.00136165
9 0.553262 0.549823 0.25227 0.494128 0.00134843
9 0.31771 0.589329 0.322113 0.436503 0.0013204
2 0.31771 0.589329 0.322113 0.436503 0.00131332
13 0.553262 0.549823 0.25227 0.494128 0.00129297
21 0.553262 0.549823 0.25227 0.494128 0.00123276
21 0.31771 0.589329 0.322113 0.436503 0.00117121
2 0.553262 0.549823 0.25227 0.494128 0.00116145
