5 0.646255 0.560285 0.203865 0.301181 0.818661
0 0.462161 0.778371 0.062834 0.0632674 0.0203926
5 0.457205 0.57293 0.211288 0.296984 0.00742876
4 0.646255 0.560285 0.203865 0.301181 0.00628
1 0.646255 0.560285 0.203865 0.301181 0.00456267
8 0.646255 0.560285 0.203865 0.301181 0.00334156
0 0.446949 0.772702 0.09356 0.0932558 0.0033359
19 0.646255 0.560285 0.203865 0.301181 0.00332764
0 0.646255 0.560285 0.203865 0.301181 0.00311015
10 0.647314 0.563392 0.204782 0.298049 0.00291189
14 0.646255 0.560285 0.203865 0.301181 0.00290479
6 0.646255 0.560285 0.203865 0.301181 0.00263597
11 0.647314 0.563392 0.204782 0.298049 0.00252025
18 0.646255 0.560285 0.203865 0.301181 0.00246934
7 0.646255 0.560285 0.203865 0.301181 0.00244388
17 0.646255 0.560285 0.203865 0.301181 0.00237045
22 0.646255 0.560285 0.203865 0.301181 0.00228988
5 0.554007 0.557258 0.405678 0.326473 0.00223889
13 0.646255 0.560285 0.203865 0.301181 0.00210962
20 0.647314 0.563392 0.204782 0.298049 0.0020816
16 0.646255 0.560285 0.203865 0.301181 0.00185812
12 0.646255 0.560285 0.203865 0.301181 0.00181388
9 0.646255 0.560285 0.203865 0.301181 0.00179428
15 0.646255 0.560285 0.203865 0.301181 0.00159414
21 0.646255 0.560285 0.203865 0.301181 0.00158153
2 0.646255 0.560285 0.203865 0.301181 0.00155826
3 0.646255 0.560285 0.203865 0.301181 0.00153374
