1 0.838984 0.436755 0.284835 0.285904 0.883387
1 0.485267 0.398193 0.362744 0.450287 0.511236
1 0.496431 0.482007 0.334199 0.251823 0.00762526
5 0.488566 0.382669 0.373418 0.475779 0.00590554
22 0.836943 0.433562 0.288017 0.308164 0.00378013
2 0.836943 0.433562 0.288017 0.308164 0.0036325
18 0.836943 0.433562 0.288017 0.308164 0.00355277
4 0.838425 0.431568 0.290829 0.308076 0.00348932
3 0.838425 0.431568 0.290829 0.308076 0.00343738
22 0.48048 0.398675 0.388045 0.447654 0.00322175
0 0.836943 0.433562 0.288017 0.308164 0.00312272
1 0.83765 0.437059 0.170127 0.281964 0.00303956
7 0.838425 0.431568 0.290829 0.308076 0.00295968
15 0.838425 0.431568 0.290829 0.308076 0.00288819
7 0.485267 0.398193 0.362744 0.450287 0.00273848
17 0.838402 0.436937 0.291358 0.299448 0.00256832
8 0.838425 0.431568 0.290829 0.308076 0.00252727
5 0.838425 0.431568 0.290829 0.308076 0.00238125
21 0.836943 0.433562 0.288017 0.308164 0.00236288
3 0.48048 0.398675 0.388045 0.447654 0.00231694
10 0.836943 0.433562 0.288017 0.308164 0.00214159
2 0.48048 0.398675 0.388045 0.447654 0.00213153
6 0.838425 0.431568 0.290829 0.308076 0.00209826
4 0.485267 0.398193 0.362744 0.450287 0.00209717
20 0.836943 0.433562 0.288017 0.308164 0.00209494
12 0.836943 0.433562 0.288017 0.308164 0.00197144
14 0.838425 0.431568 0.290829 0.308076 0.00196804
16 0.836943 0.433562 0.288017 0.308164 0.00196777
11 0.838402 0.436937 0.291358 0.299448 0.00194214
5 0.61554 0.192539 0.289224 0.385079 0.00177203
19 0.836943 0.433562 0.288017 0.308164 0.00174098
15 0.485267 0.398193 0.362744 0.450287 0.00167067
9 0.836943 0.433562 0.288017 0.308164 0.00166367
13 0.836943 0.433562 0.288017 0.308164 0.00162476
18 0.485267 0.398193 0.362744 0.450287 0.00143197
8 0.485267 0.398193 0.362744 0.450287 0.00137366
6 0.48048 0.398675 0.388045 0.447654 0.00125397
14 0.485267 0.398193 0.362744 0.450287 0.00121142
21 0.485267 0.398193 0.362744 0.450287 0.00121068
1 0.823045 0.370561 0.295126 0.432901 0.00120144
12 0.485267 0.398193 0.362744 0.450287 0.00114511
16 0.485267 0.398193 0.362744 0.450287 0.00113782
20 0.485267 0.398193 0.362744 0.450287 0.00112608
11 0.485267 0.398193 0.362744 0.450287 0.00112142
17 0.485267 0.398193 0.362744 0.450287 0.0011122
0 0.48048 0.398675 0.388045 0.447654 0.00107492
