1 0.402078 0.692047 0.341957 0.251357 0.586273
22 0.768996 0.668637 0.349196 0.30336 0.55393
17 0.401722 0.693921 0.350967 0.246954 0.341884
1 0.783796 0.668922 0.380727 0.301831 0.137249
17 0.787185 0.668299 0.391287 0.317563 0.0408195
22 0.40082 0.692071 0.338982 0.244572 0.018332
7 0.783796 0.668922 0.380727 0.301831 0.0103803
2 0.769963 0.667462 0.355492 0.297759 0.00942927
18 0.403149 0.694223 0.330968 0.25107 0.00829274
8 0.767151 0.668356 0.387705 0.262921 0.00799296
3 0.782485 0.669854 0.391856 0.283962 0.00728167
8 0.40082 0.692071 0.338982 0.244572 0.00575689
0 0.401722 0.693921 0.350967 0.246954 0.00529526
3 0.40082 0.692071 0.338982 0.244572 0.00478544
7 0.40082 0.692071 0.338982 0.244572 0.00467628
18 0.769963 0.667462 0.355492 0.297759 0.00463175
10 0.767151 0.668356 0.387705 0.262921 0.0044151
10 0.40082 0.692071 0.338982 0.244572 0.00406673
2 0.40082 0.692071 0.338982 0.244572 0.00401956
11 0.40082 0.692071 0.338982 0.244572 0.00324497
5 0.401722 0.693921 0.350967 0.246954 0.00295663
4 0.768996 0.668637 0.349196 0.30336 0.00292876
5 0.768996 0.668637 0.349196 0.30336 0.00281111
4 0.40082 0.692071 0.338982 0.244572 0.00273101
19 0.407079 0.693354 0.341786 0.243963 0.00224101
14 0.40082 0.692071 0.338982 0.244572 0.00207557
16 0.401722 0.693921 0.350967 0.246954 0.00202607
13 0.40082 0.692071 0.338982 0.244572 0.00198387
9 0.401722 0.693921 0.350967 0.246954 0.00192477
6 0.40082 0.692071 0.338982 0.244572 0.00189906
21 0.40082 0.692071 0.338982 0.244572 0.00188708
12 0.40082 0.692071 0.338982 0.244572 0.00184044
15 0.40082 0.692071 0.338982 0.244572 0.00180535
20 0.401722 0.693921 0.350967 0.246954 0.00177133
19 0.782177 0.668867 0.383087 0.310546 0.00170118
0 0.767151 0.668356 0.387705 0.262921 0.00169237
9 0.767151 0.668356 0.387705 0.262921 0.00154636
13 0.782485 0.669854 0.391856 0.283962 0.00138398
1 0.404459 0.69341 0.166376 0.24282 0.00128957
17 0.730565 0.666451 0.291498 0.254285 0.00128848
6 0.767151 0.668356 0.387705 0.262921 0.00125322
21 0.768996 0.668637 0.349196 0.30336 0.00113246
