1 0.456189 0.706945 0.213134 0.213333 0.938592
1 0.662259 0.67943 0.19246 0.225326 0.867171
0 0.663196 0.678736 0.196281 0.221548 0.00595143
4 0.663322 0.678483 0.196065 0.227258 0.00566776
5 0.456841 0.706382 0.21877 0.21583 0.00545354
5 0.6629 0.679907 0.194918 0.224428 0.00543904
0 0.456841 0.706382 0.21877 0.21583 0.00541957
17 0.6629 0.679907 0.194918 0.224428 0.00522078
17 0.729293 0.68311 0.339944 0.239969 0.00491805
22 0.456693 0.706547 0.219166 0.214189 0.00463802
4 0.456693 0.706547 0.219166 0.214189 0.00454474
18 0.45579 0.707784 0.216534 0.212938 0.00440467
22 0.663196 0.678736 0.196281 0.221548 0.00438395
17 0.456841 0.706382 0.21877 0.21583 0.00435948
18 0.663196 0.678736 0.196281 0.221548 0.00398783
2 0.456693 0.706547 0.219166 0.214189 0.00390599
3 0.456693 0.706547 0.219166 0.214189 0.00373176
8 0.456841 0.706382 0.21877 0.21583 0.00369535
14 0.456841 0.706382 0.21877 0.21583 0.00362969
2 0.663196 0.678736 0.196281 0.221548 0.00362011
7 0.456841 0.706382 0.21877 0.21583 0.00359888
1 0.702049 0.683287 0.303701 0.240147 0.00346138
15 0.45579 0.707784 0.216534 0.212938 0.00340555
3 0.663322 0.678483 0.196065 0.227258 0.00334681
8 0.663196 0.678736 0.196281 0.221548 0.00323436
11 0.663322 0.678483 0.196065 0.227258 0.00322926
7 0.663322 0.678483 0.196065 0.227258 0.00305032
15 0.663322 0.678483 0.196065 0.227258 0.00298355
14 0.663196 0.678736 0.196281 0.221548 0.00295164
11 0.456841 0.706382 0.21877 0.21583 0.00294858
6 0.663322 0.678483 0.196065 0.227258 0.0028266
6 0.456693 0.706547 0.219166 0.214189 0.00276649
21 0.456693 0.706547 0.219166 0.214189 0.00267351
20 0.456841 0.706382 0.21877 0.21583 0.00262883
10 0.456841 0.706382 0.21877 0.21583 0.00252183
20 0.663196 0.678736 0.196281 0.221548 0.00251803
16 0.456693 0.706547 0.219166 0.214189 0.00249221
16 0.663322 0.678483 0.196065 0.227258 0.00247931
10 0.663196 0.678736 0.196281 0.221548 0.00247231
12 0.663196 0.678736 0.196281 0.221548 0.0023928
21 0.663196 0.678736 0.196281 0.221548 0.00237326
12 0.456693 0.706547 0.219166 0.214189 0.00237031
9 0.663196 0.678736 0.196281 0.221548 0.00230377
9 0.456693 0.706547 0.219166 0.214189 0.00227059
19 0.456841 0.706382 0.21877 0.21583 0.0022295
13 0.456693 0.706547 0.219166 0.214189 0.00209428
13 0.663196 0.678736 0.196281 0.221548 0.00203407
19 0.663196 0.678736 0.196281 0.221548 0.00201201
