15 0.559805 0.515429 0.121468 0.266674 0.907126
16 0.560846 0.516371 0.122316 0.270467 0.00898098
15 0.709297 0.508838 0.101541 0.26726 0.00826758
4 0.558082 0.515531 0.122937 0.270866 0.00649192
1 0.557863 0.515568 0.123899 0.267192 0.00594754
14 0.557863 0.515568 0.123899 0.267192 0.00562622
18 0.559522 0.514821 0.1194 0.265607 0.00548993
21 0.557863 0.515568 0.123899 0.267192 0.00543192
7 0.559805 0.515429 0.121468 0.266674 0.00491835
15 0.543656 0.507474 0.175905 0.307104 0.00424916
11 0.558082 0.515531 0.122937 0.270866 0.00389325
17 0.55822 0.515548 0.121645 0.269824 0.00356568
3 0.559805 0.515429 0.121468 0.266674 0.00325486
5 0.55822 0.515548 0.121645 0.269824 0.00312942
2 0.55822 0.515548 0.121645 0.269824 0.00293908
6 0.557863 0.515568 0.123899 0.267192 0.00273739
8 0.558082 0.515531 0.122937 0.270866 0.00255824
20 0.559805 0.515429 0.121468 0.266674 0.00229728
9 0.55822 0.515548 0.121645 0.269824 0.00215792
12 0.558082 0.515531 0.122937 0.270866 0.00187711
13 0.557863 0.515568 0.123899 0.267192 0.00177267
19 0.55822 0.515548 0.121645 0.269824 0.00171806
0 0.558082 0.515531 0.122937 0.270866 0.00138616
10 0.558974 0.515254 0.124397 0.266214 0.00131068
