1 0.505921 0.605529 0.492161 0.433822 0.920146
14 0.505914 0.611364 0.491146 0.454272 0.0221702
7 0.506603 0.61064 0.468733 0.462414 0.018408
22 0.507744 0.605168 0.476971 0.443645 0.00671841
3 0.507744 0.605168 0.476971 0.443645 0.0060042
15 0.507744 0.605168 0.476971 0.443645 0.0046451
2 0.507744 0.605168 0.476971 0.443645 0.00401059
17 0.505792 0.594435 0.481371 0.431779 0.00304156
4 0.507744 0.605168 0.476971 0.443645 0.0027847
8 0.507744 0.605168 0.476971 0.443645 0.00262208
21 0.507744 0.605168 0.476971 0.443645 0.00250617
5 0.507744 0.605168 0.476971 0.443645 0.0023889
18 0.507744 0.605168 0.476971 0.443645 0.00231621
6 0.507744 0.605168 0.476971 0.443645 0.00180578
0 0.507744 0.605168 0.476971 0.443645 0.00173255
12 0.507744 0.605168 0.476971 0.443645 0.00169907
9 0.509992 0.603493 0.499013 0.447348 0.00169677
11 0.507744 0.605168 0.476971 0.443645 0.00165625
13 0.507744 0.605168 0.476971 0.443645 0.0016459
20 0.507744 0.605168 0.476971 0.443645 0.00155043
16 0.509662 0.603965 0.477259 0.441918 0.0014765
19 0.509662 0.603965 0.477259 0.441918 0.00145634
10 0.507744 0.605168 0.476971 0.443645 0.00129883
