14 0.760192 0.51034 0.209794 0.225599 0.906899
14 0.52585 0.509004 0.195041 0.23461 0.826974
10 0.281459 0.506445 0.187207 0.205577 0.764729
14 0.938445 0.511625 0.122242 0.224023 0.653257
10 0.526325 0.509524 0.194617 0.23476 0.287024
10 0.937791 0.517847 0.122772 0.22971 0.223426
14 0.279468 0.506851 0.198218 0.209556 0.0830349
20 0.526325 0.509524 0.194617 0.23476 0.0199722
10 0.761893 0.508557 0.216723 0.223256 0.0162959
21 0.526579 0.509084 0.206708 0.23586 0.0126415
21 0.279468 0.506851 0.198218 0.209556 0.0119402
20 0.281446 0.505906 0.199315 0.206402 0.0114566
6 0.281446 0.505906 0.199315 0.206402 0.010933
11 0.527507 0.508534 0.206679 0.229678 0.0108959
1 0.527507 0.508534 0.206679 0.229678 0.0104735
1 0.763297 0.50729 0.218678 0.221199 0.0103494
8 0.527507 0.508534 0.206679 0.229678 0.0103272
15 0.526579 0.509084 0.206708 0.23586 0.00979551
11 0.761893 0.508557 0.216723 0.223256 0.00965628
2 0.281446 0.505906 0.199315 0.206402 0.00935835
15 0.761893 0.508557 0.216723 0.223256 0.00928731
1 0.93749 0.511698 0.124784 0.229683 0.00909635
21 0.761893 0.508557 0.216723 0.223256 0.00902778
11 0.281446 0.505906 0.199315 0.206402 0.00863457
2 0.527507 0.508534 0.206679 0.229678 0.00843885
8 0.762616 0.510023 0.219318 0.221734 0.00827512
1 0.279468 0.506851 0.198218 0.209556 0.00822085
22 0.281446 0.505906 0.199315 0.206402 0.00793708
8 0.279468 0.506851 0.198218 0.209556 0.00790709
6 0.527507 0.508534 0.206679 0.229678 0.00750242
21 0.938332 0.512216 0.122101 0.222885 0.00734069
0 0.526579 0.509084 0.206708 0.23586 0.00732922
0 0.763297 0.50729 0.218678 0.221199 0.00707932
17 0.281446 0.505906 0.199315 0.206402 0.00671645
4 0.281446 0.505906 0.199315 0.206402 0.00643154
4 0.526579 0.509084 0.206708 0.23586 0.00607547
3 0.527507 0.508534 0.206679 0.229678 0.00607115
2 0.93749 0.511698 0.124784 0.229683 0.00590004
20 0.761893 0.508557 0.216723 0.223256 0.00587883
0 0.279468 0.506851 0.198218 0.209556 0.00586811
4 0.761893 0.508557 0.216723 0.223256 0.00572402
3 0.279468 0.506851 0.198218 0.209556 0.00550314
22 0.527507 0.508534 0.206679 0.229678 0.0053936
22 0.763297 0.50729 0.218678 0.221199 0.005346
18 0.526579 0.509084 0.206708 0.23586 0.00529373
5 0.763297 0.50729 0.218678 0.221199 0.00514745
2 0.763297 0.50729 0.218678 0.221199 0.00499156
13 0.526579 0.509084 0.206708 0.23586 0.00495663
0 0.938445 0.511625 0.122242 0.224023 0.00487577
15 0.279468 0.506851 0.198218 0.209556 0.00484176
11 0.93749 0.511698 0.124784 0.229683 0.00480625
3 0.761893 0.508557 0.216723 0.223256 0.0047123
13 0.762616 0.510023 0.219318 0.221734 0.00464268
18 0.281446 0.505906 0.199315 0.206402 0.00459292
7 0.763297 0.50729 0.218678 0.221199 0.00457134
18 0.762616 0.510023 0.219318 0.221734 0.0045002
12 0.526579 0.509084 0.206708 0.23586 0.00411983
6 0.761893 0.508557 0.216723 0.223256 0.00400565
17 0.761893 0.508557 0.216723 0.223256 0.00397477
5 0.526579 0.509084 0.206708 0.23586 0.00393391
16 0.527507 0.508534 0.206679 0.229678 0.00382652
12 0.761893 0.508557 0.216723 0.223256 0.00379486
16 0.281446 0.505906 0.199315 0.206402 0.00355186
12 0.279468 0.506851 0.198218 0.209556 0.00344453
16 0.762616 0.510023 0.219318 0.221734 0.00340502
22 0.936778 0.513013 0.124952 0.23377 0.00324632
9 0.527507 0.508534 0.206679 0.229678 0.0031709
5 0.281446 0.505906 0.199315 0.206402 0.00315782
9 0.762616 0.510023 0.219318 0.221734 0.0030343
19 0.761893 0.508557 0.216723 0.223256 0.00300237
4 0.93749 0.511698 0.124784 0.229683 0.0029413
8 0.93749 0.511698 0.124784 0.229683 0.00293949
7 0.526579 0.509084 0.206708 0.23586 0.00290231
19 0.526579 0.509084 0.206708 0.23586 0.0028832
17 0.527507 0.508534 0.206679 0.229678 0.00285297
3 0.93749 0.511698 0.124784 0.229683 0.00279625
9 0.281446 0.505906 0.199315 0.206402 0.00274663
17 0.936778 0.513013 0.124952 0.23377 0.00253673
15 0.937669 0.511406 0.12394 0.222504 0.00249568
20 0.93749 0.511698 0.124784 0.229683 0.00247944
6 0.93749 0.511698 0.124784 0.229683 0.00246855
13 0.281446 0.505906 0.199315 0.206402 0.00237337
9 0.93749 0.511698 0.124784 0.229683 0.0021743
12 0.93749 0.511698 0.124784 0.229683 0.00216351
19 0.279468 0.506851 0.198218 0.209556 0.00185665
7 0.93749 0.511698 0.124784 0.229683 0.00181879
13 0.936778 0.513013 0.124952 0.23377 0.00175083
16 0.936778 0.513013 0.124952 0.23377 0.00155329
18 0.936778 0.513013 0.124952 0.23377 0.00151004
7 0.281446 0.505906 0.199315 0.206402 0.00144436
11 0.25907 0.226687 0.0873623 0.148629 0.00142008
19 0.937669 0.511406 0.12394 0.222504 0.00118901
5 0.93749 0.511698 0.124784 0.229683 0.00105236
