15 0.758316 0.177495 0.201935 0.354991 0.91121
15 0.526505 0.210203 0.214674 0.405882 0.888463
14 0.758254 0.179588 0.210474 0.359175 0.0356569
14 0.527255 0.209899 0.217605 0.419799 0.0334215
5 0.524981 0.21103 0.221543 0.42206 0.0112155
4 0.524981 0.21103 0.221543 0.42206 0.00863643
1 0.758254 0.179588 0.210474 0.359175 0.00860645
4 0.758254 0.179588 0.210474 0.359175 0.00855364
1 0.527255 0.209899 0.217605 0.419799 0.00815444
11 0.758254 0.179588 0.210474 0.359175 0.00791812
21 0.758254 0.179588 0.210474 0.359175 0.00725744
5 0.758254 0.179588 0.210474 0.359175 0.00685025
21 0.524981 0.21103 0.221543 0.42206 0.00672154
7 0.527255 0.209899 0.217605 0.419799 0.00633634
7 0.758254 0.179588 0.210474 0.359175 0.00586797
3 0.758254 0.179588 0.210474 0.359175 0.00527362
17 0.758917 0.182563 0.210252 0.365127 0.00514479
11 0.527255 0.209899 0.217605 0.419799 0.00501758
16 0.527882 0.212745 0.212765 0.399032 0.00488699
6 0.758254 0.179588 0.210474 0.359175 0.00472967
16 0.758917 0.182563 0.210252 0.365127 0.00446813
19 0.758917 0.182563 0.210252 0.365127 0.00432243
18 0.758254 0.179588 0.210474 0.359175 0.00431307
19 0.524981 0.21103 0.221543 0.42206 0.00423847
6 0.527255 0.209899 0.217605 0.419799 0.00422894
3 0.528315 0.213015 0.214714 0.402272 0.00409622
8 0.758254 0.179588 0.210474 0.359175 0.00409051
2 0.758917 0.182563 0.210252 0.365127 0.0040893
17 0.527255 0.209899 0.217605 0.419799 0.00404036
8 0.527255 0.209899 0.217605 0.419799 0.00393869
10 0.758917 0.182563 0.210252 0.365127 0.0038999
18 0.524981 0.21103 0.221543 0.42206 0.00370617
2 0.527255 0.209899 0.217605 0.419799 0.00370331
12 0.758254 0.179588 0.210474 0.359175 0.0031428
10 0.527255 0.209899 0.217605 0.419799 0.00304848
9 0.758917 0.182563 0.210252 0.365127 0.00292091
12 0.524981 0.21103 0.221543 0.42206 0.00288924
13 0.758254 0.179588 0.210474 0.359175 0.00286574
20 0.758917 0.182563 0.210252 0.365127 0.00284224
9 0.527255 0.209899 0.217605 0.419799 0.00279638
13 0.527255 0.209899 0.217605 0.419799 0.00273514
20 0.524981 0.21103 0.221543 0.42206 0.00265558
14 0.407515 0.562452 0.268208 0.292885 0.00262553
0 0.758917 0.182563 0.210252 0.365127 0.00235645
0 0.527255 0.209899 0.217605 0.419799 0.00171604
8 0.554244 0.560797 0.423571 0.318352 0.00115534
22 0.758254 0.179588 0.210474 0.359175 0.00103087
15 0.51361 0.118861 0.202031 0.232914 0.0010052
