11 0.501024 0.538136 0.110946 0.28477 0.896146
17 0.558387 0.482747 0.447949 0.399729 0.580692
17 0.503314 0.535981 0.114135 0.291974 0.125574
0 0.500551 0.536073 0.11257 0.286705 0.115685
11 0.550632 0.489382 0.425494 0.408381 0.0713639
7 0.562091 0.495945 0.467484 0.402096 0.0450019
17 0.507526 0.525814 0.215788 0.332582 0.0220839
11 0.507526 0.525814 0.215788 0.332582 0.0101537
17 0.606471 0.534719 0.316133 0.327878 0.00927941
22 0.55854 0.483012 0.43976 0.413261 0.0077773
1 0.500749 0.538248 0.112334 0.294524 0.00647107
1 0.557678 0.482753 0.455584 0.419434 0.00462781
20 0.500352 0.537534 0.112619 0.280889 0.00414719
3 0.502569 0.541149 0.112972 0.287169 0.00374053
18 0.500352 0.537534 0.112619 0.280889 0.00287551
10 0.503314 0.535981 0.114135 0.291974 0.0028547
0 0.557678 0.482753 0.455584 0.419434 0.00252722
15 0.500749 0.538248 0.112334 0.294524 0.00252345
7 0.606471 0.534719 0.316133 0.327878 0.00238033
14 0.561847 0.494509 0.472527 0.41181 0.00234448
4 0.503314 0.535981 0.114135 0.291974 0.00227216
8 0.503314 0.535981 0.114135 0.291974 0.00206555
14 0.500749 0.538248 0.112334 0.294524 0.00206171
16 0.500749 0.538248 0.112334 0.294524 0.00203153
3 0.55854 0.483012 0.43976 0.413261 0.00203005
17 0.491908 0.47215 0.29008 0.350243 0.00189622
6 0.500749 0.538248 0.112334 0.294524 0.00181795
12 0.503314 0.535981 0.114135 0.291974 0.00179744
10 0.55854 0.483012 0.43976 0.413261 0.00178962
2 0.55854 0.483012 0.43976 0.413261 0.00174161
19 0.562236 0.494883 0.44962 0.412863 0.00174158
13 0.500749 0.538248 0.112334 0.294524 0.00166676
15 0.554426 0.487937 0.422865 0.426387 0.00164276
9 0.500749 0.538248 0.112334 0.294524 0.00158473
17 0.731471 0.548784 0.141664 0.28595 0.00154719
7 0.503275 0.536445 0.114299 0.303025 0.00154491
5 0.502645 0.536637 0.117288 0.296341 0.00151289
8 0.55854 0.483012 0.43976 0.413261 0.00147674
21 0.501024 0.538136 0.110946 0.28477 0.00143641
2 0.500749 0.538248 0.112334 0.294524 0.00143144
19 0.503314 0.535981 0.114135 0.291974 0.00132643
18 0.55854 0.483012 0.43976 0.413261 0.00124267
20 0.554426 0.487937 0.422865 0.426387 0.00119969
22 0.503275 0.536445 0.114299 0.303025 0.00117113
4 0.55854 0.483012 0.43976 0.413261 0.00116589
9 0.554426 0.487937 0.422865 0.426387 0.00112787
12 0.551701 0.490537 0.410115 0.398033 0.00105736
16 0.554426 0.487937 0.422865 0.426387 0.00101721
