5 0.457458 0.721969 0.170324 0.238819 0.660662
5 0.633528 0.709165 0.14452 0.269676 0.150991
6 0.632067 0.713874 0.135715 0.240474 0.081851
6 0.458565 0.723265 0.16093 0.24678 0.0713894
4 0.453351 0.722041 0.170124 0.245977 0.0316836
19 0.454028 0.721627 0.189104 0.248305 0.0298278
14 0.453351 0.722041 0.170124 0.245977 0.0154499
13 0.456136 0.722222 0.183531 0.251009 0.0107548
16 0.457659 0.720766 0.168386 0.244746 0.00943009
4 0.63175 0.709033 0.13744 0.264016 0.00864311
20 0.457822 0.722611 0.163735 0.247041 0.00863287
15 0.456136 0.722222 0.183531 0.251009 0.0069762
18 0.456136 0.722222 0.183531 0.251009 0.00678397
19 0.632067 0.713874 0.135715 0.240474 0.00639505
10 0.457815 0.721465 0.178122 0.255756 0.00594323
21 0.456136 0.722222 0.183531 0.251009 0.00570209
6 0.596006 0.725791 0.171303 0.244252 0.00554341
2 0.454028 0.721627 0.189104 0.248305 0.00542863
5 0.305433 0.714682 0.147334 0.229455 0.00521393
3 0.456136 0.722222 0.183531 0.251009 0.00506776
16 0.63163 0.713448 0.133408 0.248446 0.00501959
9 0.454028 0.721627 0.189104 0.248305 0.00479221
0 0.454028 0.721627 0.189104 0.248305 0.00446259
11 0.454028 0.721627 0.189104 0.248305 0.0043626
7 0.454028 0.721627 0.189104 0.248305 0.0039995
12 0.454028 0.721627 0.189104 0.248305 0.00397309
8 0.456136 0.722222 0.183531 0.251009 0.00373223
22 0.454028 0.721627 0.189104 0.248305 0.00329393
13 0.63163 0.713448 0.133408 0.248446 0.00224273
1 0.454028 0.721627 0.189104 0.248305 0.00222271
17 0.454028 0.721627 0.189104 0.248305 0.00178421
20 0.632067 0.713874 0.135715 0.240474 0.00146149
6 0.655492 0.677506 0.144426 0.233933 0.00142121
15 0.63163 0.713448 0.133408 0.248446 0.00136921
6 0.305433 0.714682 0.147334 0.229455 0.00128161
