1 0.287391 0.335027 0.250586 0.219664 0.903295
1 0.0662942 0.317514 0.129627 0.2456 0.368117
1 0.133204 0.541084 0.266409 0.404812 0.0102053
4 0.28692 0.336257 0.24855 0.216037 0.00562925
0 0.28692 0.336257 0.24855 0.216037 0.00521669
1 0.0672686 0.391845 0.134537 0.487146 0.00509869
8 0.286817 0.336592 0.251211 0.218806 0.00494878
22 0.28692 0.336257 0.24855 0.216037 0.00468816
17 0.28692 0.336257 0.24855 0.216037 0.00443028
2 0.28692 0.336257 0.24855 0.216037 0.00380223
18 0.28692 0.336257 0.24855 0.216037 0.00370541
5 0.287637 0.333674 0.250693 0.216304 0.00360424
14 0.28692 0.336257 0.24855 0.216037 0.00356584
15 0.28692 0.336257 0.24855 0.216037 0.00317235
3 0.287637 0.333674 0.250693 0.216304 0.00316554
7 0.287637 0.333674 0.250693 0.216304 0.00314919
10 0.28692 0.336257 0.24855 0.216037 0.00283431
11 0.0662915 0.438091 0.126013 0.483435 0.00265239
0 0.0669133 0.320683 0.133827 0.249983 0.0025048
21 0.28692 0.336257 0.24855 0.216037 0.0024742
11 0.286817 0.336592 0.251211 0.218806 0.00242223
16 0.28692 0.336257 0.24855 0.216037 0.00238813
6 0.287637 0.333674 0.250693 0.216304 0.00237523
20 0.28692 0.336257 0.24855 0.216037 0.00236696
12 0.28692 0.336257 0.24855 0.216037 0.00232865
11 0.0669133 0.320683 0.133827 0.249983 0.00226534
17 0.0669133 0.320683 0.133827 0.249983 0.00225882
5 0.15408 0.465657 0.305658 0.498205 0.00209407
9 0.28692 0.336257 0.24855 0.216037 0.00203051
19 0.28692 0.336257 0.24855 0.216037 0.00201546
22 0.0669133 0.320683 0.133827 0.249983 0.0019557
13 0.286817 0.336592 0.251211 0.218806 0.00194698
4 0.0665511 0.319124 0.133102 0.244284 0.00192199
11 0.401851 0.535325 0.367677 0.241246 0.00154519
10 0.42207 0.543483 0.340298 0.236368 0.00143219
5 0.0879076 0.441287 0.164698 0.474888 0.00135695
18 0.0669133 0.320683 0.133827 0.249983 0.00130655
2 0.0665511 0.319124 0.133102 0.244284 0.00121674
8 0.0665511 0.319124 0.133102 0.244284 0.00120984
7 0.0669133 0.320683 0.133827 0.249983 0.00114526
10 0.0669133 0.320683 0.133827 0.249983 0.0011451
3 0.0669133 0.320683 0.133827 0.249983 0.00113482
