5 0.53044 0.560547 0.277105 0.492659 0.74909
5 0.766023 0.588487 0.31228 0.431311 0.0385963
1 0.526035 0.560325 0.290157 0.500745 0.00274528
19 0.530284 0.559491 0.285919 0.50883 0.00226343
4 0.526035 0.560325 0.290157 0.500745 0.00222282
11 0.526035 0.560325 0.290157 0.500745 0.00213503
0 0.530284 0.559491 0.285919 0.50883 0.00184948
5 0.708102 0.575166 0.45522 0.504612 0.00172619
7 0.526035 0.560325 0.290157 0.500745 0.00170805
8 0.526035 0.560325 0.290157 0.500745 0.00168044
6 0.526035 0.560325 0.290157 0.500745 0.00164825
18 0.530284 0.559491 0.285919 0.50883 0.00162054
17 0.526035 0.560325 0.290157 0.500745 0.00161108
5 0.714034 0.656602 0.318348 0.496554 0.0015809
10 0.526035 0.560325 0.290157 0.500745 0.00156619
14 0.530284 0.559491 0.285919 0.50883 0.00145856
20 0.530284 0.559491 0.285919 0.50883 0.00135847
22 0.526035 0.560325 0.290157 0.500745 0.00131909
12 0.530284 0.559491 0.285919 0.50883 0.00116744
16 0.530284 0.559491 0.285919 0.50883 0.00114609
15 0.530284 0.559491 0.285919 0.50883 0.00106274
9 0.526035 0.560325 0.290157 0.500745 0.00100406
