17 0.435996 0.731512 0.351352 0.209805 0.829729
1 0.443306 0.728716 0.337807 0.209352 0.0849182
7 0.436019 0.728365 0.345683 0.21026 0.00983445
22 0.437277 0.728561 0.345712 0.211656 0.00623603
11 0.435996 0.731512 0.351352 0.209805 0.00465562
14 0.435734 0.731161 0.347672 0.210549 0.00413985
10 0.435734 0.731161 0.347672 0.210549 0.00343294
5 0.437277 0.728561 0.345712 0.211656 0.00301543
4 0.437277 0.728561 0.345712 0.211656 0.0029722
18 0.435734 0.731161 0.347672 0.210549 0.00287963
17 0.43301 0.728438 0.168771 0.204028 0.0025821
15 0.435734 0.731161 0.347672 0.210549 0.00251893
0 0.437277 0.728561 0.345712 0.211656 0.00238961
19 0.435734 0.731161 0.347672 0.210549 0.00229686
8 0.437277 0.728561 0.345712 0.211656 0.00225235
2 0.435734 0.731161 0.347672 0.210549 0.00218774
16 0.435734 0.731161 0.347672 0.210549 0.00200989
20 0.435734 0.731161 0.347672 0.210549 0.00191818
14 0.954737 0.757007 0.0883356 0.165481 0.00185145
9 0.435734 0.731161 0.347672 0.210549 0.0016598
12 0.435734 0.731161 0.347672 0.210549 0.00165122
13 0.435734 0.731161 0.347672 0.210549 0.00148621
3 0.435734 0.731161 0.347672 0.210549 0.00145708
6 0.435734 0.731161 0.347672 0.210549 0.00144721
21 0.435734 0.731161 0.347672 0.210549 0.00143671
