16 0.479195 0.510271 0.115144 0.203517 0.566834
16 0.31931 0.495375 0.143144 0.175343 0.341694
6 0.322146 0.495996 0.135664 0.175265 0.212606
13 0.480618 0.507055 0.108497 0.189455 0.15213
6 0.480618 0.507055 0.108497 0.189455 0.0940199
5 0.321296 0.496485 0.141775 0.179905 0.0890095
15 0.479206 0.518527 0.118364 0.216589 0.0627836
19 0.479407 0.509752 0.109696 0.197242 0.0603534
13 0.319895 0.494039 0.135288 0.177416 0.0588664
15 0.32409 0.493674 0.134392 0.177423 0.0417497
21 0.479407 0.509752 0.109696 0.197242 0.0385644
7 0.479683 0.513515 0.123004 0.202366 0.0312667
18 0.479195 0.510271 0.115144 0.203517 0.0266716
21 0.319895 0.494039 0.135288 0.177416 0.0219137
19 0.321847 0.494825 0.140336 0.176744 0.0210452
1 0.321477 0.495281 0.142098 0.17912 0.018871
18 0.31931 0.495375 0.143144 0.175343 0.0130697
5 0.479683 0.513515 0.123004 0.202366 0.0130513
4 0.32247 0.497813 0.137383 0.167139 0.00818079
4 0.479683 0.513515 0.123004 0.202366 0.00700396
20 0.479414 0.508047 0.115228 0.19739 0.00651884
2 0.479195 0.510271 0.115144 0.203517 0.00611165
3 0.478696 0.511404 0.117961 0.197242 0.00587278
7 0.31931 0.495375 0.143144 0.175343 0.00563391
9 0.479407 0.509752 0.109696 0.197242 0.00555478
3 0.317041 0.490911 0.168004 0.210744 0.00462187
2 0.317041 0.490911 0.168004 0.210744 0.00448125
9 0.319895 0.494039 0.135288 0.177416 0.00418227
1 0.479624 0.512058 0.117225 0.200563 0.00407023
20 0.32247 0.497813 0.137383 0.167139 0.0040576
12 0.479407 0.509752 0.109696 0.197242 0.00356009
12 0.319895 0.494039 0.135288 0.177416 0.0035158
10 0.322146 0.495996 0.135664 0.175265 0.00248117
11 0.478696 0.511404 0.117961 0.197242 0.002348
22 0.478769 0.512932 0.12326 0.1975 0.0020403
17 0.479407 0.509752 0.109696 0.197242 0.00180081
11 0.321477 0.495281 0.142098 0.17912 0.00171153
22 0.322241 0.497303 0.13921 0.176054 0.0012883
6 0.473474 0.504981 0.17575 0.26199 0.00127606
13 0.473474 0.504981 0.17575 0.26199 0.00122108
14 0.480593 0.501902 0.116214 0.158258 0.0011791
8 0.317041 0.490911 0.168004 0.210744 0.00117518
