19 0.633694 0.658595 0.264166 0.376809 0.408127
6 0.631638 0.65626 0.280183 0.424345 0.12479
16 0.632813 0.654222 0.259887 0.385819 0.0904052
7 0.630426 0.657082 0.271225 0.424036 0.0810752
5 0.63421 0.655383 0.258827 0.383971 0.0721832
13 0.63421 0.655383 0.258827 0.383971 0.0645014
3 0.630426 0.657082 0.271225 0.424036 0.0182954
20 0.631638 0.65626 0.280183 0.424345 0.0104361
18 0.631638 0.65626 0.280183 0.424345 0.00996448
15 0.631638 0.65626 0.280183 0.424345 0.00910583
21 0.631638 0.65626 0.280183 0.424345 0.00803293
2 0.631638 0.65626 0.280183 0.424345 0.00787092
9 0.631638 0.65626 0.280183 0.424345 0.00462461
11 0.631638 0.65626 0.280183 0.424345 0.00364566
12 0.631638 0.65626 0.280183 0.424345 0.00306156
4 0.631638 0.65626 0.280183 0.424345 0.00301485
22 0.630426 0.657082 0.271225 0.424036 0.00273022
17 0.632585 0.657795 0.262247 0.382015 0.00258553
7 0.389972 0.627923 0.30695 0.464322 0.00195558
0 0.630426 0.657082 0.271225 0.424036 0.00167181
8 0.630426 0.657082 0.271225 0.424036 0.00161188
5 0.39019 0.609951 0.307737 0.489271 0.00127639
0 0.895644 0.847121 0.080971 0.0469732 0.00101075
10 0.631638 0.65626 0.280183 0.424345 0.00100027
