5 0.54184 0.513603 0.296487 0.527646 0.907052
5 0.312122 0.636307 0.246286 0.414363 0.0222068
1 0.54184 0.513603 0.296487 0.527646 0.00466437
19 0.540962 0.512511 0.290406 0.540172 0.00352148
7 0.540962 0.512511 0.290406 0.540172 0.00278442
8 0.540211 0.512226 0.299585 0.529451 0.00253351
18 0.540962 0.512511 0.290406 0.540172 0.00235226
4 0.54184 0.513603 0.296487 0.527646 0.00230216
11 0.54184 0.513603 0.296487 0.527646 0.00204078
20 0.540962 0.512511 0.290406 0.540172 0.00190713
6 0.540962 0.512511 0.290406 0.540172 0.00186669
14 0.54184 0.513603 0.296487 0.527646 0.00180022
15 0.540962 0.512511 0.290406 0.540172 0.00162884
22 0.54184 0.513603 0.296487 0.527646 0.00157373
16 0.540962 0.512511 0.290406 0.540172 0.00149205
10 0.54184 0.513603 0.296487 0.527646 0.00149095
17 0.54184 0.513603 0.296487 0.527646 0.00144613
12 0.54184 0.513603 0.296487 0.527646 0.00140363
0 0.540962 0.512511 0.290406 0.540172 0.00139388
3 0.540962 0.512511 0.290406 0.540172 0.00136431
13 0.54184 0.513603 0.296487 0.527646 0.00122629
21 0.540962 0.512511 0.290406 0.540172 0.00121929
9 0.54184 0.513603 0.296487 0.527646 0.00112258
2 0.540962 0.512511 0.290406 0.540172 0.00111916
