10 0.383027 0.651037 0.186128 0.195329 0.916728
10 0.624926 0.682831 0.19819 0.208636 0.821486
17 0.625093 0.68325 0.205783 0.209328 0.0144045
14 0.382158 0.650689 0.194036 0.193432 0.0139943
17 0.38367 0.649968 0.194779 0.193422 0.0137398
6 0.38367 0.649968 0.194779 0.193422 0.012999
8 0.38367 0.649968 0.194779 0.193422 0.0120724
20 0.38367 0.649968 0.194779 0.193422 0.0120119
14 0.625093 0.68325 0.205783 0.209328 0.0119129
8 0.626753 0.684939 0.206668 0.213001 0.0118882
20 0.625093 0.68325 0.205783 0.209328 0.0117132
6 0.626753 0.684939 0.206668 0.213001 0.0107381
11 0.382158 0.650689 0.194036 0.193432 0.00999432
11 0.626753 0.684939 0.206668 0.213001 0.00945757
1 0.382158 0.650689 0.194036 0.193432 0.00896253
1 0.62614 0.678825 0.203327 0.197476 0.00868962
21 0.382158 0.650689 0.194036 0.193432 0.00858521
2 0.38367 0.649968 0.194779 0.193422 0.00832371
5 0.382158 0.650689 0.194036 0.193432 0.00826615
22 0.38367 0.649968 0.194779 0.193422 0.00798382
21 0.625093 0.68325 0.205783 0.209328 0.00784895
22 0.625093 0.68325 0.205783 0.209328 0.00729528
2 0.626753 0.684939 0.206668 0.213001 0.00659635
4 0.626753 0.684939 0.206668 0.213001 0.00629798
4 0.38367 0.649968 0.194779 0.193422 0.00579221
5 0.62614 0.678825 0.203327 0.197476 0.00518568
18 0.38367 0.649968 0.194779 0.193422 0.00492985
3 0.382158 0.650689 0.194036 0.193432 0.00474094
0 0.38367 0.649968 0.194779 0.193422 0.00434144
15 0.382158 0.650689 0.194036 0.193432 0.00433112
3 0.625093 0.68325 0.205783 0.209328 0.0038941
18 0.625093 0.68325 0.205783 0.209328 0.00371161
0 0.62614 0.678825 0.203327 0.197476 0.0036939
15 0.625093 0.68325 0.205783 0.209328 0.00336604
16 0.382158 0.650689 0.194036 0.193432 0.00333552
16 0.625093 0.68325 0.205783 0.209328 0.0030225
9 0.38367 0.649968 0.194779 0.193422 0.00276243
12 0.382158 0.650689 0.194036 0.193432 0.00273462
12 0.62614 0.678825 0.203327 0.197476 0.00246461
19 0.382158 0.650689 0.194036 0.193432 0.00242322
9 0.625093 0.68325 0.205783 0.209328 0.00237884
13 0.38367 0.649968 0.194779 0.193422 0.00214733
10 0.638858 0.664119 0.187045 0.140874 0.00201536
19 0.625093 0.68325 0.205783 0.209328 0.0020109
13 0.626753 0.684939 0.206668 0.213001 0.00176945
7 0.38367 0.649968 0.194779 0.193422 0.00167691
7 0.62614 0.678825 0.203327 0.197476 0.00133615
