5 0.492892 0.476704 0.308605 0.601669 0.767933
5 0.717874 0.503752 0.267308 0.513627 0.481199
5 0.280871 0.514334 0.313521 0.519811 0.103555
5 0.409793 0.485834 0.503184 0.624139 0.0074286
4 0.268085 0.514765 0.312756 0.516971 0.00718175
19 0.492892 0.476704 0.308605 0.601669 0.00370148
4 0.492892 0.476704 0.308605 0.601669 0.00267283
7 0.492892 0.476704 0.308605 0.601669 0.00251073
19 0.716112 0.490855 0.2867 0.559248 0.00232637
8 0.492892 0.476704 0.308605 0.601669 0.00231305
1 0.492957 0.471975 0.311274 0.611502 0.00209821
1 0.717874 0.503752 0.267308 0.513627 0.00202127
18 0.492892 0.476704 0.308605 0.601669 0.00201667
4 0.717874 0.503752 0.267308 0.513627 0.00186003
20 0.492892 0.476704 0.308605 0.601669 0.00181591
6 0.492892 0.476704 0.308605 0.601669 0.00151292
8 0.717874 0.503752 0.267308 0.513627 0.00149832
11 0.717874 0.503752 0.267308 0.513627 0.00148258
15 0.492892 0.476704 0.308605 0.601669 0.00147731
11 0.492892 0.476704 0.308605 0.601669 0.00134536
7 0.720055 0.502724 0.257329 0.518493 0.0013376
22 0.492892 0.476704 0.308605 0.601669 0.00130643
16 0.492892 0.476704 0.308605 0.601669 0.00126677
18 0.717874 0.503752 0.267308 0.513627 0.00126327
14 0.492892 0.476704 0.308605 0.601669 0.00125925
12 0.492957 0.471975 0.311274 0.611502 0.00122808
14 0.720055 0.502724 0.257329 0.518493 0.00122642
6 0.717874 0.503752 0.267308 0.513627 0.00117939
17 0.492957 0.471975 0.311274 0.611502 0.0011553
22 0.717874 0.503752 0.267308 0.513627 0.00112462
0 0.492892 0.476704 0.308605 0.601669 0.00112195
13 0.492957 0.471975 0.311274 0.611502 0.00111774
10 0.492892 0.476704 0.308605 0.601669 0.00110117
21 0.492892 0.476704 0.308605 0.601669 0.00107564
9 0.493195 0.480339 0.316932 0.528599 0.00107282
3 0.492892 0.476704 0.308605 0.601669 0.0010661
20 0.717874 0.503752 0.267308 0.513627 0.00106006
17 0.720055 0.502724 0.257329 0.518493 0.00105882
10 0.720055 0.502724 0.257329 0.518493 0.00103975
15 0.717874 0.503752 0.267308 0.513627 0.00101685
