8 0.573165 0.790272 0.146194 0.329259 0.846084
8 0.786776 0.732536 0.14058 0.266621 0.485902
8 0.700958 0.457813 0.170608 0.345489 0.321202
8 0.495514 0.515542 0.187488 0.343527 0.0337131
8 0.683369 0.491476 0.126055 0.281056 0.031046
5 0.705406 0.460445 0.178689 0.327486 0.0158722
4 0.572996 0.788528 0.154056 0.333054 0.0138619
8 0.52502 0.536047 0.213257 0.25944 0.0125752
8 0.468508 0.463544 0.181218 0.439165 0.0066571
4 0.708742 0.454643 0.178253 0.342675 0.00611076
4 0.786431 0.732367 0.141453 0.26292 0.00603261
1 0.572996 0.788528 0.154056 0.333054 0.00491558
10 0.574913 0.787508 0.150547 0.330379 0.00454522
19 0.572996 0.788528 0.154056 0.333054 0.00453132
11 0.574913 0.787508 0.150547 0.330379 0.00448703
0 0.816801 0.331909 0.0659987 0.0707784 0.00415058
21 0.574913 0.787508 0.150547 0.330379 0.00397845
5 0.572996 0.788528 0.154056 0.333054 0.00382527
14 0.574913 0.787508 0.150547 0.330379 0.00379266
2 0.574913 0.787508 0.150547 0.330379 0.00372489
22 0.708742 0.454643 0.178253 0.342675 0.00370585
17 0.572996 0.788528 0.154056 0.333054 0.00360586
1 0.708742 0.454643 0.178253 0.342675 0.00340992
22 0.572996 0.788528 0.154056 0.333054 0.00338709
15 0.574913 0.787508 0.150547 0.330379 0.00328539
11 0.708742 0.454643 0.178253 0.342675 0.00322353
11 0.786431 0.732367 0.141453 0.26292 0.00302843
20 0.574913 0.787508 0.150547 0.330379 0.0029944
22 0.786437 0.732864 0.139035 0.269108 0.00255418
0 0.574913 0.787508 0.150547 0.330379 0.00238822
1 0.786437 0.732864 0.139035 0.269108 0.00232656
17 0.708742 0.454643 0.178253 0.342675 0.0023152
16 0.572996 0.788528 0.154056 0.333054 0.00231347
10 0.786776 0.732536 0.14058 0.266621 0.00225188
4 0.500077 0.513533 0.188184 0.334325 0.00224866
18 0.574913 0.787508 0.150547 0.330379 0.00221767
10 0.708742 0.454643 0.178253 0.342675 0.00221729
0 0.786431 0.732367 0.141453 0.26292 0.00210455
7 0.574913 0.787508 0.150547 0.330379 0.00205294
19 0.708742 0.454643 0.178253 0.342675 0.00203557
12 0.572996 0.788528 0.154056 0.333054 0.00196712
9 0.572996 0.788528 0.154056 0.333054 0.00192541
14 0.708742 0.454643 0.178253 0.342675 0.00188265
8 0.349915 0.77573 0.182504 0.321266 0.00188099
2 0.708742 0.454643 0.178253 0.342675 0.00175241
13 0.574913 0.787508 0.150547 0.330379 0.00171693
8 0.676504 0.52971 0.11371 0.188008 0.00168697
3 0.574913 0.787508 0.150547 0.330379 0.00166584
6 0.574913 0.787508 0.150547 0.330379 0.00163836
5 0.788004 0.731689 0.148096 0.265404 0.00157085
2 0.785549 0.732744 0.139237 0.264282 0.00153943
17 0.786437 0.732864 0.139035 0.269108 0.00151929
14 0.786431 0.732367 0.141453 0.26292 0.00151707
21 0.708742 0.454643 0.178253 0.342675 0.00145896
19 0.788004 0.731689 0.148096 0.265404 0.00140036
7 0.708742 0.454643 0.178253 0.342675 0.00138684
21 0.788004 0.731689 0.148096 0.265404 0.00128469
0 0.708742 0.454643 0.178253 0.342675 0.00122222
20 0.708742 0.454643 0.178253 0.342675 0.00119785
15 0.786431 0.732367 0.141453 0.26292 0.00119697
12 0.786776 0.732536 0.14058 0.266621 0.00115447
16 0.708742 0.454643 0.178253 0.342675 0.00106411
13 0.786776 0.732536 0.14058 0.266621 0.00106195
9 0.786437 0.732864 0.139035 0.269108 0.00106095
20 0.788004 0.731689 0.148096 0.265404 0.00103692
5 0.467193 0.457944 0.186122 0.456998 0.00103522
