5 0.459672 0.708733 0.232292 0.306127 0.924004
1 0.459909 0.708387 0.237097 0.306121 0.00602912
4 0.459909 0.708387 0.237097 0.306121 0.00532296
19 0.459909 0.708387 0.237097 0.306121 0.00375277
8 0.459909 0.708387 0.237097 0.306121 0.00347587
14 0.459909 0.708387 0.237097 0.306121 0.00321461
7 0.459909 0.708387 0.237097 0.306121 0.0031761
0 0.459909 0.708387 0.237097 0.306121 0.00295259
18 0.461176 0.708301 0.234668 0.310971 0.00279689
6 0.459909 0.708387 0.237097 0.306121 0.00272426
17 0.459909 0.708387 0.237097 0.306121 0.00266607
10 0.459909 0.708387 0.237097 0.306121 0.00247583
11 0.461176 0.708301 0.234668 0.310971 0.00240194
22 0.459909 0.708387 0.237097 0.306121 0.00225772
13 0.461176 0.708301 0.234668 0.310971 0.00202058
20 0.461176 0.708301 0.234668 0.310971 0.00194847
15 0.459163 0.708029 0.239322 0.311991 0.00184632
16 0.459163 0.708029 0.239322 0.311991 0.00179838
12 0.459909 0.708387 0.237097 0.306121 0.00179476
9 0.459909 0.708387 0.237097 0.306121 0.00176139
3 0.459909 0.708387 0.237097 0.306121 0.00163812
21 0.461176 0.708301 0.234668 0.310971 0.00161347
2 0.459909 0.708387 0.237097 0.306121 0.00159817
