1 0.389766 0.685612 0.288025 0.219635 0.86795
4 0.39083 0.683275 0.285746 0.224545 0.00542741
17 0.39083 0.683275 0.285746 0.224545 0.00498405
5 0.39083 0.683275 0.285746 0.224545 0.00494291
1 0.388201 0.684716 0.171936 0.218294 0.00438088
0 0.39007 0.684986 0.29127 0.222508 0.00401671
22 0.388981 0.68569 0.287647 0.221047 0.00400248
8 0.39083 0.683275 0.285746 0.224545 0.00390983
18 0.388981 0.68569 0.287647 0.221047 0.00377967
2 0.388981 0.68569 0.287647 0.221047 0.00347552
7 0.39083 0.683275 0.285746 0.224545 0.00337427
11 0.569419 0.0805013 0.0225234 0.0901666 0.00329379
3 0.39083 0.683275 0.285746 0.224545 0.00317535
15 0.388981 0.68569 0.287647 0.221047 0.003015
11 0.39083 0.683275 0.285746 0.224545 0.00264233
14 0.39083 0.683275 0.285746 0.224545 0.00261169
10 0.39083 0.683275 0.285746 0.224545 0.00256021
6 0.39007 0.684986 0.29127 0.222508 0.00252014
21 0.388981 0.68569 0.287647 0.221047 0.0024282
16 0.388981 0.68569 0.287647 0.221047 0.0022961
20 0.388981 0.68569 0.287647 0.221047 0.00225391
12 0.388981 0.68569 0.287647 0.221047 0.00224589
13 0.39007 0.684986 0.29127 0.222508 0.00204361
19 0.388981 0.68569 0.287647 0.221047 0.00201531
9 0.388981 0.68569 0.287647 0.221047 0.00198618
5 0.988747 0.911513 0.0225063 0.164298 0.00142293
