15 0.756631 0.530305 0.206907 0.401954 0.918226
15 0.515895 0.532211 0.210215 0.399675 0.909304
14 0.514707 0.53205 0.218463 0.41814 0.0299601
14 0.755897 0.530688 0.216679 0.418411 0.0269555
15 0.945373 0.460867 0.105238 0.281827 0.0141144
14 0.556189 0.832655 0.249964 0.186547 0.00918462
4 0.514863 0.530873 0.219192 0.4146 0.00892242
7 0.512692 0.533118 0.209091 0.407134 0.00841744
14 0.944375 0.460459 0.10618 0.287553 0.0082858
1 0.514707 0.53205 0.218463 0.41814 0.00819749
11 0.755897 0.530688 0.216679 0.418411 0.00776768
21 0.755897 0.530688 0.216679 0.418411 0.00749855
21 0.514707 0.53205 0.218463 0.41814 0.00730937
4 0.755888 0.528788 0.21708 0.415405 0.00725686
8 0.547103 0.830929 0.237951 0.185336 0.00693862
11 0.514707 0.53205 0.218463 0.41814 0.00659942
1 0.755888 0.528788 0.21708 0.415405 0.00614539
3 0.512692 0.533118 0.209091 0.407134 0.00554329
5 0.514863 0.530873 0.219192 0.4146 0.0055127
16 0.512692 0.533118 0.209091 0.407134 0.00532957
7 0.755897 0.530688 0.216679 0.418411 0.00518892
3 0.755897 0.530688 0.216679 0.418411 0.00518801
5 0.755888 0.528788 0.21708 0.415405 0.00492321
18 0.755888 0.528788 0.21708 0.415405 0.00474235
8 0.755888 0.528788 0.21708 0.415405 0.00467827
17 0.514707 0.53205 0.218463 0.41814 0.00467052
6 0.514863 0.530873 0.219192 0.4146 0.00464324
6 0.755888 0.528788 0.21708 0.415405 0.00462359
19 0.755897 0.530688 0.216679 0.418411 0.0045465
8 0.514863 0.530873 0.219192 0.4146 0.00450965
16 0.755897 0.530688 0.216679 0.418411 0.00447416
17 0.755897 0.530688 0.216679 0.418411 0.0041563
2 0.514707 0.53205 0.218463 0.41814 0.00415417
2 0.755897 0.530688 0.216679 0.418411 0.00412381
19 0.514707 0.53205 0.218463 0.41814 0.00407799
18 0.514863 0.530873 0.219192 0.4146 0.00395569
10 0.755897 0.530688 0.216679 0.418411 0.00383679
10 0.514707 0.53205 0.218463 0.41814 0.00368393
20 0.755897 0.530688 0.216679 0.418411 0.00324714
8 0.329859 0.84988 0.235449 0.231508 0.00298063
9 0.514707 0.53205 0.218463 0.41814 0.00292552
9 0.755897 0.530688 0.216679 0.418411 0.00288928
20 0.514707 0.53205 0.218463 0.41814 0.0028491
12 0.514707 0.53205 0.218463 0.41814 0.0028203
12 0.755888 0.528788 0.21708 0.415405 0.00276844
13 0.514707 0.53205 0.218463 0.41814 0.00272255
13 0.755897 0.530688 0.216679 0.418411 0.00265945
0 0.755897 0.530688 0.216679 0.418411 0.00214801
0 0.514707 0.53205 0.218463 0.41814 0.00179114
