10 0.50402 0.502538 0.114621 0.157172 0.895192
10 0.614907 0.49414 0.114965 0.162973 0.890494
10 0.380703 0.487672 0.100513 0.162777 0.808792
17 0.614642 0.494523 0.118043 0.164683 0.0105753
17 0.503121 0.502076 0.117788 0.159875 0.0102032
11 0.381488 0.487072 0.101076 0.159175 0.00837729
8 0.381488 0.487072 0.101076 0.159175 0.00694899
14 0.614162 0.49421 0.118981 0.165093 0.00682737
6 0.382126 0.485141 0.0988427 0.165198 0.00666845
14 0.503121 0.502076 0.117788 0.159875 0.00633772
11 0.503121 0.502076 0.117788 0.159875 0.00596434
11 0.614642 0.494523 0.118043 0.164683 0.00573409
4 0.380533 0.486997 0.100636 0.162375 0.00502868
8 0.503121 0.502076 0.117788 0.159875 0.00488065
8 0.614162 0.49421 0.118981 0.165093 0.00475759
14 0.381488 0.487072 0.101076 0.159175 0.00471913
17 0.380537 0.488154 0.100151 0.164396 0.00467137
1 0.503308 0.502277 0.117381 0.160382 0.00461869
4 0.503801 0.501747 0.115116 0.163004 0.00431325
20 0.502651 0.502631 0.118917 0.158229 0.00429229
10 0.385691 0.486693 0.155215 0.179125 0.00409171
4 0.614642 0.494523 0.118043 0.164683 0.00405256
1 0.380537 0.488154 0.100151 0.164396 0.00395096
6 0.503121 0.502076 0.117788 0.159875 0.00391014
1 0.615031 0.494413 0.117596 0.164489 0.00390666
5 0.503121 0.502076 0.117788 0.159875 0.00386074
20 0.614162 0.49421 0.118981 0.165093 0.00383298
21 0.616982 0.493832 0.122342 0.164585 0.00383048
20 0.381488 0.487072 0.101076 0.159175 0.00378705
22 0.614642 0.494523 0.118043 0.164683 0.00370083
2 0.381488 0.487072 0.101076 0.159175 0.00358284
6 0.614162 0.49421 0.118981 0.165093 0.0035396
5 0.614642 0.494523 0.118043 0.164683 0.00349194
22 0.503121 0.502076 0.117788 0.159875 0.00343037
22 0.381488 0.487072 0.101076 0.159175 0.00334267
2 0.614669 0.494472 0.118332 0.161965 0.00330392
21 0.381488 0.487072 0.101076 0.159175 0.00306202
5 0.380533 0.486997 0.100636 0.162375 0.00305739
2 0.503121 0.502076 0.117788 0.159875 0.00305657
21 0.504281 0.502323 0.114742 0.159504 0.00299369
0 0.614451 0.494279 0.114576 0.162349 0.00291543
0 0.503121 0.502076 0.117788 0.159875 0.00261164
15 0.614451 0.494279 0.114576 0.162349 0.00252738
0 0.38159 0.486545 0.100683 0.163753 0.00210108
15 0.50402 0.502538 0.114621 0.157172 0.00205336
12 0.503121 0.502076 0.117788 0.159875 0.00196565
9 0.503121 0.502076 0.117788 0.159875 0.00194469
15 0.38159 0.486545 0.100683 0.163753 0.00190735
12 0.614642 0.494523 0.118043 0.164683 0.00186135
9 0.614642 0.494523 0.118043 0.164683 0.00180596
3 0.503121 0.502076 0.117788 0.159875 0.00164998
3 0.614642 0.494523 0.118043 0.164683 0.00163182
18 0.503121 0.502076 0.117788 0.159875 0.00163133
18 0.614642 0.494523 0.118043 0.164683 0.00160069
9 0.381488 0.487072 0.101076 0.159175 0.00157872
16 0.503121 0.502076 0.117788 0.159875 0.00154154
12 0.380533 0.486997 0.100636 0.162375 0.0014999
16 0.614642 0.494523 0.118043 0.164683 0.00147067
3 0.381488 0.487072 0.101076 0.159175 0.00138708
18 0.380537 0.488154 0.100151 0.164396 0.00134743
16 0.380537 0.488154 0.100151 0.164396 0.00129898
13 0.614642 0.494523 0.118043 0.164683 0.00115761
13 0.503121 0.502076 0.117788 0.159875 0.00114128
13 0.380537 0.488154 0.100151 0.164396 0.0010883
7 0.503121 0.502076 0.117788 0.159875 0.00105788
7 0.614642 0.494523 0.118043 0.164683 0.00104325
