15 0.474897 0.595011 0.139152 0.267588 0.896341
15 0.622383 0.583698 0.109615 0.245064 0.233121
11 0.623406 0.582602 0.111492 0.24826 0.205183
16 0.475231 0.595942 0.139042 0.263336 0.00993951
4 0.620773 0.58292 0.110986 0.25374 0.00695041
21 0.474585 0.591048 0.15406 0.284047 0.0068556
14 0.474585 0.591048 0.15406 0.284047 0.00676395
4 0.471474 0.59503 0.143687 0.268263 0.0065449
7 0.475231 0.595942 0.139042 0.263336 0.00600644
14 0.621427 0.580027 0.107334 0.242338 0.00530565
11 0.475004 0.596275 0.138465 0.264147 0.0053018
18 0.475446 0.596343 0.136809 0.26451 0.00499989
6 0.474585 0.591048 0.15406 0.284047 0.00424232
2 0.474585 0.591048 0.15406 0.284047 0.0035571
3 0.475004 0.596275 0.138465 0.264147 0.00353107
19 0.474585 0.591048 0.15406 0.284047 0.00338604
8 0.474585 0.591048 0.15406 0.284047 0.00322131
17 0.474897 0.595011 0.139152 0.267588 0.00301666
5 0.474897 0.595011 0.139152 0.267588 0.00296334
15 0.636009 0.580208 0.161749 0.277429 0.00292303
13 0.474585 0.591048 0.15406 0.284047 0.00280843
9 0.474585 0.591048 0.15406 0.284047 0.00277663
12 0.474585 0.591048 0.15406 0.284047 0.00274145
20 0.474585 0.591048 0.15406 0.284047 0.00270583
10 0.474585 0.591048 0.15406 0.284047 0.00262727
1 0.474585 0.591048 0.15406 0.284047 0.00254368
16 0.623229 0.582506 0.118012 0.251152 0.00220559
5 0.1048 0.214239 0.152467 0.421363 0.0017881
10 0.623406 0.582602 0.111492 0.24826 0.00176732
21 0.623072 0.58404 0.114834 0.249181 0.00158292
6 0.623229 0.582506 0.118012 0.251152 0.0013031
11 0.201527 0.897243 0.0915245 0.121669 0.00122812
5 0.620773 0.58292 0.110986 0.25374 0.00119791
0 0.474585 0.591048 0.15406 0.284047 0.00114081
7 0.623072 0.58404 0.114834 0.249181 0.00103785
