14 0.496038 0.492851 0.259579 0.211354 0.77184
14 0.681942 0.505726 0.206895 0.227589 0.729276
14 0.542459 0.515343 0.457934 0.273863 0.013023
5 0.496686 0.492665 0.251467 0.207852 0.00850484
0 0.496179 0.495364 0.268497 0.214629 0.00636315
5 0.68203 0.504896 0.211206 0.220876 0.0063172
0 0.683104 0.505622 0.214361 0.219819 0.00596396
8 0.496179 0.495364 0.268497 0.214629 0.00572393
15 0.496179 0.495364 0.268497 0.214629 0.00546068
1 0.496179 0.495364 0.268497 0.214629 0.00534815
10 0.496179 0.495364 0.268497 0.214629 0.00510817
21 0.496179 0.495364 0.268497 0.214629 0.00509202
4 0.496179 0.495364 0.268497 0.214629 0.00477271
1 0.68203 0.504896 0.211206 0.220876 0.00461287
1 0.922716 0.041645 0.0684547 0.0595959 0.00449496
8 0.683104 0.505622 0.214361 0.219819 0.00444214
4 0.683104 0.505622 0.214361 0.219819 0.00443828
15 0.683104 0.505622 0.214361 0.219819 0.00423481
11 0.496179 0.495364 0.268497 0.214629 0.00417722
11 0.683104 0.505622 0.214361 0.219819 0.00408362
10 0.683104 0.505622 0.214361 0.219819 0.00404813
22 0.496179 0.495364 0.268497 0.214629 0.00397785
7 0.496179 0.495364 0.268497 0.214629 0.00394926
21 0.68203 0.504896 0.211206 0.220876 0.00382583
13 0.496179 0.495364 0.268497 0.214629 0.00367707
20 0.496179 0.495364 0.268497 0.214629 0.00332143
22 0.683104 0.505622 0.214361 0.219819 0.00319358
7 0.683104 0.505622 0.214361 0.219819 0.00314456
17 0.496179 0.495364 0.268497 0.214629 0.00286613
2 0.496179 0.495364 0.268497 0.214629 0.00278153
13 0.683104 0.505622 0.214361 0.219819 0.00277917
12 0.496179 0.495364 0.268497 0.214629 0.00256243
20 0.683104 0.505622 0.214361 0.219819 0.00251154
3 0.496179 0.495364 0.268497 0.214629 0.00245478
16 0.496179 0.495364 0.268497 0.214629 0.00241178
18 0.496179 0.495364 0.268497 0.214629 0.00233687
2 0.683104 0.505622 0.214361 0.219819 0.00222208
6 0.496179 0.495364 0.268497 0.214629 0.00208385
12 0.68203 0.504896 0.211206 0.220876 0.00208211
17 0.683104 0.505622 0.214361 0.219819 0.00203925
9 0.496179 0.495364 0.268497 0.214629 0.00196307
3 0.683104 0.505622 0.214361 0.219819 0.00195528
16 0.683104 0.505622 0.214361 0.219819 0.00192728
6 0.683104 0.505622 0.214361 0.219819 0.00190376
19 0.496179 0.495364 0.268497 0.214629 0.00187701
18 0.683104 0.505622 0.214361 0.219819 0.00174708
9 0.683104 0.505622 0.214361 0.219819 0.0017111
19 0.683104 0.505622 0.214361 0.219819 0.00142917
14 0.488904 0.484457 0.163577 0.195965 0.00117999
