17 0.471491 0.60403 0.450318 0.337721 0.812258
1 0.47138 0.605422 0.452941 0.341639 0.0183191
14 0.467102 0.617023 0.450263 0.38177 0.00997831
7 0.471771 0.606097 0.449989 0.340637 0.00527321
22 0.471893 0.606334 0.444154 0.346438 0.00507946
10 0.469482 0.605654 0.445291 0.345219 0.00316111
11 0.469482 0.605654 0.445291 0.345219 0.00270753
8 0.469482 0.605654 0.445291 0.345219 0.00269032
4 0.469482 0.605654 0.445291 0.345219 0.0026422
15 0.469482 0.605654 0.445291 0.345219 0.00229157
2 0.469482 0.605654 0.445291 0.345219 0.00199709
19 0.469482 0.605654 0.445291 0.345219 0.0019755
18 0.471893 0.606334 0.444154 0.346438 0.00178769
20 0.469482 0.605654 0.445291 0.345219 0.00150687
5 0.469482 0.605654 0.445291 0.345219 0.00149362
9 0.469482 0.605654 0.445291 0.345219 0.00143252
16 0.469482 0.605654 0.445291 0.345219 0.00142025
0 0.469482 0.605654 0.445291 0.345219 0.00136777
12 0.469482 0.605654 0.445291 0.345219 0.00135521
3 0.471893 0.606334 0.444154 0.346438 0.00124605
6 0.469482 0.605654 0.445291 0.345219 0.00111692
21 0.469482 0.605654 0.445291 0.345219 0.00110227
13 0.469482 0.605654 0.445291 0.345219 0.00103377
