5 0.48294 0.458395 0.297626 0.658621 0.0388043
5 0.532163 0.462501 0.228628 0.529384 0.0287479
5 0.801965 0.4868 0.187866 0.514315 0.0179392
11 0.467127 0.532326 0.296567 0.535216 0.0148972
5 0.58805 0.496153 0.157535 0.543754 0.00709155
17 0.471784 0.461827 0.331 0.602279 0.00645943
4 0.793821 0.485998 0.183463 0.519388 0.00619103
8 0.793821 0.485998 0.183463 0.519388 0.00335906
11 0.509528 0.462381 0.275079 0.53943 0.0030058
11 0.278006 0.87744 0.0662975 0.110646 0.00264475
11 0.58805 0.496153 0.157535 0.543754 0.00216712
11 0.591327 0.535215 0.107279 0.470001 0.00111394
