11 0.600036 0.785055 0.105755 0.162257 0.91003
0 0.453741 0.778146 0.0954264 0.111974 0.604902
20 0.598125 0.784633 0.10758 0.158429 0.110584
11 0.454261 0.780008 0.100198 0.115533 0.0910556
0 0.597496 0.78445 0.102901 0.160873 0.0787759
20 0.454261 0.780008 0.100198 0.115533 0.00755903
13 0.598125 0.784633 0.10758 0.158429 0.00612179
17 0.600792 0.785087 0.108971 0.161348 0.00422869
1 0.600792 0.785087 0.108971 0.161348 0.00402439
4 0.455047 0.778864 0.0959024 0.111975 0.00369595
13 0.455047 0.778864 0.0959024 0.111975 0.00347941
1 0.453256 0.781024 0.0974744 0.116616 0.00296879
3 0.600792 0.785087 0.108971 0.161348 0.00294578
16 0.600608 0.784892 0.107938 0.160622 0.0028141
18 0.600792 0.785087 0.108971 0.161348 0.00276755
6 0.600608 0.784892 0.107938 0.160622 0.00272042
14 0.600608 0.784892 0.107938 0.160622 0.00256652
10 0.600608 0.784892 0.107938 0.160622 0.00252329
5 0.600792 0.785087 0.108971 0.161348 0.0024334
10 0.453257 0.778092 0.0994151 0.110424 0.00235822
9 0.600792 0.785087 0.108971 0.161348 0.00231324
12 0.600792 0.785087 0.108971 0.161348 0.00227235
4 0.600792 0.785087 0.108971 0.161348 0.00213149
19 0.600792 0.785087 0.108971 0.161348 0.0021192
8 0.453256 0.781024 0.0974744 0.116616 0.00209224
18 0.453257 0.778092 0.0994151 0.110424 0.0020476
2 0.600792 0.785087 0.108971 0.161348 0.00200996
8 0.600608 0.784892 0.107938 0.160622 0.00198843
15 0.600608 0.784892 0.107938 0.160622 0.00197181
21 0.600792 0.785087 0.108971 0.161348 0.00193003
22 0.453444 0.77824 0.0959607 0.111244 0.00191999
7 0.600792 0.785087 0.108971 0.161348 0.00191638
3 0.453256 0.781024 0.0974744 0.116616 0.00189711
12 0.453256 0.781024 0.0974744 0.116616 0.00189121
6 0.453257 0.778092 0.0994151 0.110424 0.00181381
2 0.453257 0.778092 0.0994151 0.110424 0.001737
9 0.453257 0.778092 0.0994151 0.110424 0.00166088
17 0.453257 0.778092 0.0994151 0.110424 0.00158229
16 0.453256 0.781024 0.0974744 0.116616 0.00157695
14 0.454261 0.780008 0.100198 0.115533 0.00153358
22 0.600792 0.785087 0.108971 0.161348 0.00144346
21 0.453257 0.778092 0.0994151 0.110424 0.00132121
19 0.453257 0.778092 0.0994151 0.110424 0.00121857
5 0.453257 0.778092 0.0994151 0.110424 0.00116187
0 0.461794 0.783499 0.1641 0.142201 0.00113248
15 0.453256 0.781024 0.0974744 0.116616 0.0010875
7 0.453257 0.778092 0.0994151 0.110424 0.00103047
