1 0.513058 0.542573 0.346717 0.332813 0.925694
1 0.745003 0.40359 0.290262 0.334624 0.918078
1 0.932928 0.332458 0.131439 0.300034 0.909139
1 0.254521 0.717582 0.316751 0.313339 0.863694
5 0.871218 0.0836266 0.257565 0.158579 0.66779
1 0.874172 0.08237 0.251159 0.161607 0.0205354
5 0.957296 0.820072 0.0842178 0.359856 0.0161526
1 0.757247 0.834573 0.257511 0.263037 0.0104288
14 0.870633 0.0836955 0.256637 0.162313 0.00625054
1 0.955845 0.807481 0.085067 0.385037 0.00606026
17 0.871218 0.0836266 0.257565 0.158579 0.00490319
1 0.741247 0.40575 0.169907 0.317484 0.00445077
5 0.254538 0.720171 0.319932 0.321319 0.00417081
7 0.870633 0.0836955 0.256637 0.162313 0.00410262
5 0.933797 0.331146 0.132405 0.304736 0.00405256
4 0.511365 0.542873 0.348319 0.330648 0.00402537
17 0.933797 0.331146 0.132405 0.304736 0.00397194
4 0.254725 0.717999 0.318418 0.311578 0.00389786
4 0.744251 0.40378 0.291026 0.332258 0.00388711
11 0.933797 0.331146 0.132405 0.304736 0.00387967
0 0.254538 0.720171 0.319932 0.321319 0.0037913
18 0.512533 0.542402 0.339262 0.331685 0.00375638
22 0.744251 0.40378 0.291026 0.332258 0.00373911
17 0.74432 0.404814 0.29891 0.338279 0.00371659
18 0.744251 0.40378 0.291026 0.332258 0.00361789
22 0.512335 0.543314 0.347413 0.333541 0.00360029
0 0.744251 0.40378 0.291026 0.332258 0.00359513
22 0.254725 0.717999 0.318418 0.311578 0.00354152
2 0.744251 0.40378 0.291026 0.332258 0.00353576
2 0.512335 0.543314 0.347413 0.333541 0.00349319
0 0.933797 0.331146 0.132405 0.304736 0.00348563
0 0.512335 0.543314 0.347413 0.333541 0.00342428
3 0.511365 0.542873 0.348319 0.330648 0.00341899
3 0.744251 0.40378 0.291026 0.332258 0.00341776
4 0.870184 0.0858722 0.259632 0.161862 0.0033811
7 0.511365 0.542873 0.348319 0.330648 0.00327142
1 0.509436 0.540682 0.168295 0.31237 0.00325669
3 0.254725 0.717999 0.318418 0.311578 0.00317796
18 0.254538 0.720171 0.319932 0.321319 0.00314178
15 0.744251 0.40378 0.291026 0.332258 0.00312537
8 0.74432 0.404814 0.29891 0.338279 0.00311026
15 0.512335 0.543314 0.347413 0.333541 0.00310902
17 0.512533 0.542402 0.339262 0.331685 0.00310732
8 0.511365 0.542873 0.348319 0.330648 0.00306204
14 0.933797 0.331146 0.132405 0.304736 0.00302129
18 0.933423 0.333244 0.131571 0.304012 0.00295447
5 0.744251 0.40378 0.291026 0.332258 0.00294251
2 0.254725 0.717999 0.318418 0.311578 0.00294087
19 0.871218 0.0836266 0.257565 0.158579 0.00291414
7 0.744251 0.40378 0.291026 0.332258 0.00285997
4 0.933797 0.331146 0.132405 0.304736 0.00282335
22 0.933797 0.331146 0.132405 0.304736 0.0027953
17 0.254538 0.720171 0.319932 0.321319 0.00277788
11 0.74432 0.404814 0.29891 0.338279 0.00274357
7 0.254725 0.717999 0.318418 0.311578 0.00268322
14 0.744251 0.40378 0.291026 0.332258 0.00268211
5 0.511365 0.542873 0.348319 0.330648 0.00267746
8 0.254725 0.717999 0.318418 0.311578 0.0026579
7 0.933423 0.333244 0.131571 0.304012 0.0026052
22 0.870633 0.0836955 0.256637 0.162313 0.00247604
14 0.512533 0.542402 0.339262 0.331685 0.00244759
21 0.744251 0.40378 0.291026 0.332258 0.00237593
6 0.74432 0.404814 0.29891 0.338279 0.00236197
15 0.254725 0.717999 0.318418 0.311578 0.00236056
21 0.512335 0.543314 0.347413 0.333541 0.00233293
14 0.961494 0.844489 0.0770121 0.311022 0.0023315
15 0.933489 0.331696 0.132863 0.302831 0.0023314
3 0.933423 0.333244 0.131571 0.304012 0.00230083
10 0.870633 0.0836955 0.256637 0.162313 0.00229123
6 0.870633 0.0836955 0.256637 0.162313 0.00219706
14 0.254725 0.717999 0.318418 0.311578 0.00219615
6 0.511365 0.542873 0.348319 0.330648 0.0021906
2 0.933202 0.331864 0.133595 0.300141 0.00217867
0 0.870184 0.0858722 0.259632 0.161862 0.00212091
8 0.933202 0.331864 0.133595 0.300141 0.00211119
1 0.257571 0.726049 0.166675 0.310645 0.00211012
20 0.744251 0.40378 0.291026 0.332258 0.00209078
15 0.870633 0.0836955 0.256637 0.162313 0.00207835
20 0.512533 0.542402 0.339262 0.331685 0.00207768
16 0.744251 0.40378 0.291026 0.332258 0.00205883
10 0.744251 0.40378 0.291026 0.332258 0.00204966
6 0.254725 0.717999 0.318418 0.311578 0.00200354
12 0.744251 0.40378 0.291026 0.332258 0.00199667
11 0.511365 0.542873 0.348319 0.330648 0.00197711
21 0.254725 0.717999 0.318418 0.311578 0.00195294
11 0.254725 0.717999 0.318418 0.311578 0.00195144
16 0.512335 0.543314 0.347413 0.333541 0.00194025
18 0.870633 0.0836955 0.256637 0.162313 0.00192395
10 0.933797 0.331146 0.132405 0.304736 0.00191917
17 0.957711 0.827531 0.0825661 0.344937 0.00188945
10 0.512533 0.542402 0.339262 0.331685 0.00187782
12 0.512335 0.543314 0.347413 0.333541 0.00186997
16 0.254725 0.717999 0.318418 0.311578 0.0018609
20 0.254725 0.717999 0.318418 0.311578 0.00180765
19 0.512533 0.542402 0.339262 0.331685 0.00180702
12 0.254725 0.717999 0.318418 0.311578 0.00180255
11 0.870633 0.0836955 0.256637 0.162313 0.00180038
13 0.870633 0.0836955 0.256637 0.162313 0.0017935
8 0.870184 0.0858722 0.259632 0.161862 0.00176788
19 0.744251 0.40378 0.291026 0.332258 0.00173127
16 0.933202 0.331864 0.133595 0.300141 0.00173089
9 0.744251 0.40378 0.291026 0.332258 0.00168751
16 0.870633 0.0836955 0.256637 0.162313 0.00168668
12 0.933202 0.331864 0.133595 0.300141 0.00165536
10 0.254725 0.717999 0.318418 0.311578 0.00164771
9 0.512335 0.543314 0.347413 0.333541 0.00164595
20 0.933202 0.331864 0.133595 0.300141 0.00163866
21 0.933202 0.331864 0.133595 0.300141 0.0016266
13 0.744251 0.40378 0.291026 0.332258 0.00161134
19 0.254538 0.720171 0.319932 0.321319 0.0016094
19 0.933797 0.331146 0.132405 0.304736 0.00160824
9 0.933202 0.331864 0.133595 0.300141 0.00160711
13 0.512335 0.543314 0.347413 0.333541 0.0016005
12 0.870184 0.0858722 0.259632 0.161862 0.0015976
6 0.933202 0.331864 0.133595 0.300141 0.00157948
9 0.254725 0.717999 0.318418 0.311578 0.00152174
13 0.254725 0.717999 0.318418 0.311578 0.0014335
20 0.870633 0.0836955 0.256637 0.162313 0.00142284
9 0.870184 0.0858722 0.259632 0.161862 0.00141341
21 0.870633 0.0836955 0.256637 0.162313 0.00137948
2 0.870633 0.0836955 0.256637 0.162313 0.00131473
3 0.871218 0.0836266 0.257565 0.158579 0.00126296
13 0.933202 0.331864 0.133595 0.300141 0.00115212
