1 0.565346 0.671028 0.164901 0.182056 0.920838
4 0.831602 0.44288 0.202253 0.238533 0.851671
1 0.712977 0.661565 0.148813 0.175317 0.826874
4 0.475313 0.43852 0.211865 0.294984 0.76409
1 0.367569 0.671293 0.157411 0.181702 0.183479
4 0.366809 0.672655 0.162948 0.188632 0.0191326
5 0.834138 0.441695 0.205291 0.225702 0.0173827
4 0.565312 0.670014 0.168639 0.179371 0.013768
4 0.712258 0.661593 0.14952 0.17417 0.0123811
0 0.565312 0.670014 0.168639 0.179371 0.010549
5 0.477229 0.439836 0.209728 0.273708 0.0101335
1 0.834138 0.441695 0.205291 0.225702 0.00989183
1 0.477229 0.439836 0.209728 0.273708 0.00982492
8 0.477229 0.439836 0.209728 0.273708 0.0078458
17 0.834125 0.443139 0.202668 0.226957 0.00753509
19 0.834125 0.443139 0.202668 0.226957 0.00751019
8 0.834138 0.441695 0.205291 0.225702 0.00700895
17 0.565312 0.670014 0.168639 0.179371 0.0069608
0 0.713448 0.661507 0.150988 0.167934 0.00655433
14 0.834138 0.441695 0.205291 0.225702 0.00651324
8 0.56371 0.670421 0.167484 0.179952 0.00640937
22 0.565312 0.670014 0.168639 0.179371 0.00585853
15 0.834125 0.443139 0.202668 0.226957 0.00577518
22 0.477229 0.439836 0.209728 0.273708 0.00575735
19 0.478037 0.438297 0.212471 0.279453 0.00566123
18 0.564514 0.670627 0.167835 0.17881 0.00542679
5 0.565312 0.670014 0.168639 0.179371 0.00540666
17 0.477229 0.439836 0.209728 0.273708 0.00533524
14 0.564514 0.670627 0.167835 0.17881 0.00528108
14 0.477229 0.439836 0.209728 0.273708 0.00504119
2 0.834138 0.441695 0.205291 0.225702 0.00497418
2 0.477229 0.439836 0.209728 0.273708 0.00453977
22 0.713448 0.661507 0.150988 0.167934 0.00451852
2 0.564514 0.670627 0.167835 0.17881 0.00448886
17 0.713448 0.661507 0.150988 0.167934 0.00443722
15 0.564514 0.670627 0.167835 0.17881 0.00439325
10 0.834125 0.443139 0.202668 0.226957 0.00419958
8 0.713448 0.661507 0.150988 0.167934 0.00410811
0 0.834138 0.441695 0.205291 0.225702 0.00406215
22 0.834346 0.440444 0.20264 0.228366 0.00400103
15 0.478037 0.438297 0.212471 0.279453 0.00397602
10 0.478037 0.438297 0.212471 0.279453 0.00395598
11 0.564514 0.670627 0.167835 0.17881 0.00394822
20 0.834125 0.443139 0.202668 0.226957 0.00388941
16 0.834125 0.443139 0.202668 0.226957 0.00387189
3 0.56371 0.670421 0.167484 0.179952 0.00385696
7 0.565312 0.670014 0.168639 0.179371 0.00379274
20 0.56371 0.670421 0.167484 0.179952 0.00335618
0 0.478037 0.438297 0.212471 0.279453 0.0033324
10 0.56371 0.670421 0.167484 0.179952 0.00332323
18 0.834138 0.441695 0.205291 0.225702 0.00331733
20 0.478037 0.438297 0.212471 0.279453 0.00330623
16 0.478037 0.438297 0.212471 0.279453 0.00325892
21 0.564514 0.670627 0.167835 0.17881 0.0032403
6 0.565312 0.670014 0.168639 0.179371 0.00322407
5 0.713448 0.661507 0.150988 0.167934 0.00317518
16 0.564514 0.670627 0.167835 0.17881 0.00315398
2 0.713448 0.661507 0.150988 0.167934 0.00310107
18 0.713081 0.662231 0.15108 0.167431 0.00304833
14 0.713448 0.661507 0.150988 0.167934 0.0030445
9 0.564514 0.670627 0.167835 0.17881 0.00299487
12 0.564514 0.670627 0.167835 0.17881 0.00294333
7 0.834346 0.440444 0.20264 0.228366 0.00285355
21 0.834125 0.443139 0.202668 0.226957 0.00284056
12 0.834138 0.441695 0.205291 0.225702 0.00279652
8 0.365782 0.671716 0.170469 0.182679 0.00274449
17 0.367649 0.672602 0.16636 0.181158 0.00271214
13 0.564514 0.670627 0.167835 0.17881 0.00270858
7 0.713448 0.661507 0.150988 0.167934 0.00270779
0 0.367649 0.672602 0.16636 0.181158 0.0027057
9 0.834138 0.441695 0.205291 0.225702 0.00265146
19 0.56371 0.670421 0.167484 0.179952 0.00263346
6 0.834138 0.441695 0.205291 0.225702 0.00262918
18 0.478037 0.438297 0.212471 0.279453 0.00258316
11 0.713448 0.661507 0.150988 0.167934 0.00255992
13 0.834138 0.441695 0.205291 0.225702 0.00253033
3 0.713448 0.661507 0.150988 0.167934 0.0024658
15 0.713448 0.661507 0.150988 0.167934 0.00245046
22 0.367649 0.672602 0.16636 0.181158 0.00231775
12 0.713448 0.661507 0.150988 0.167934 0.00227638
3 0.834346 0.440444 0.20264 0.228366 0.00226911
16 0.713448 0.661507 0.150988 0.167934 0.00221228
21 0.478037 0.438297 0.212471 0.279453 0.00221002
11 0.834125 0.443139 0.202668 0.226957 0.00218181
6 0.713448 0.661507 0.150988 0.167934 0.00217804
9 0.477229 0.439836 0.209728 0.273708 0.00215652
12 0.477229 0.439836 0.209728 0.273708 0.00214648
9 0.713448 0.661507 0.150988 0.167934 0.0021108
6 0.477229 0.439836 0.209728 0.273708 0.00210492
20 0.713448 0.661507 0.150988 0.167934 0.00210349
13 0.477229 0.439836 0.209728 0.273708 0.00209865
21 0.713448 0.661507 0.150988 0.167934 0.00208955
10 0.711422 0.662533 0.152447 0.172914 0.00206989
3 0.478037 0.438297 0.212471 0.279453 0.00193491
7 0.477229 0.439836 0.209728 0.273708 0.00191726
19 0.713448 0.661507 0.150988 0.167934 0.00186329
11 0.478037 0.438297 0.212471 0.279453 0.00183199
13 0.713081 0.662231 0.15108 0.167431 0.00174481
14 0.367649 0.672602 0.16636 0.181158 0.00160714
5 0.367649 0.672602 0.16636 0.181158 0.00106475
