1 0.115506 0.660244 0.22346 0.398698 0.662371
5 0.489052 0.420909 0.565683 0.6656 0.505402
19 0.460868 0.436484 0.527963 0.609134 0.259834
0 0.162694 0.905789 0.287044 0.174293 0.0964466
22 0.114892 0.657554 0.22274 0.398404 0.0679755
5 0.867022 0.516593 0.260262 0.490644 0.0606538
19 0.867022 0.516593 0.260262 0.490644 0.0368026
1 0.156895 0.908055 0.294043 0.174088 0.0239579
3 0.115506 0.660244 0.22346 0.398698 0.0182064
5 0.114251 0.642966 0.222639 0.401006 0.0125883
2 0.115546 0.65963 0.223134 0.389276 0.0121849
7 0.114149 0.659122 0.220625 0.379015 0.00917399
22 0.163527 0.905226 0.287338 0.181112 0.00852983
7 0.460868 0.436484 0.527963 0.609134 0.00849955
19 0.114743 0.643633 0.225533 0.422119 0.00847121
19 0.372148 0.445623 0.411287 0.526353 0.00603986
14 0.115546 0.65963 0.223134 0.389276 0.00571575
18 0.162694 0.905789 0.287044 0.174293 0.00526843
18 0.114892 0.657554 0.22274 0.398404 0.00485301
0 0.15751 0.0122332 0.102903 0.0235128 0.00408167
3 0.489052 0.420909 0.565683 0.6656 0.00406491
21 0.115506 0.660244 0.22346 0.398698 0.00397136
19 0.126788 0.542478 0.253576 0.517116 0.00364386
4 0.460238 0.421357 0.531202 0.675137 0.00361648
18 0.489052 0.420909 0.565683 0.6656 0.00361305
6 0.114149 0.659122 0.220625 0.379015 0.0034326
10 0.11491 0.655007 0.227982 0.444847 0.00342584
8 0.114767 0.65506 0.218016 0.38606 0.00339835
5 0.879131 0.580239 0.234354 0.319029 0.00315089
8 0.489052 0.420909 0.565683 0.6656 0.00307699
15 0.457426 0.433523 0.528323 0.657801 0.00295697
20 0.489052 0.420909 0.565683 0.6656 0.00289155
13 0.114149 0.659122 0.220625 0.379015 0.00282414
17 0.116062 0.66209 0.224505 0.383522 0.00279333
6 0.457426 0.433523 0.528323 0.657801 0.00264131
1 0.128156 0.75714 0.256312 0.44031 0.00255942
13 0.489052 0.420909 0.565683 0.6656 0.00253932
16 0.115506 0.660244 0.22346 0.398698 0.00248539
5 0.367356 0.441479 0.459733 0.655503 0.00231461
16 0.460868 0.436484 0.527963 0.609134 0.00212429
22 0.489052 0.420909 0.565683 0.6656 0.00208924
0 0.116062 0.66209 0.224505 0.383522 0.00204216
9 0.114149 0.659122 0.220625 0.379015 0.0020152
4 0.114149 0.659122 0.220625 0.379015 0.00191394
7 0.867022 0.516593 0.260262 0.490644 0.0018378
2 0.489052 0.420909 0.565683 0.6656 0.00177168
0 0.168647 0.0346939 0.120007 0.0666998 0.00174762
12 0.114149 0.659122 0.220625 0.379015 0.00168507
15 0.114149 0.659122 0.220625 0.379015 0.00162598
12 0.488491 0.423344 0.564724 0.612723 0.00153489
11 0.116062 0.66209 0.224505 0.383522 0.00152568
21 0.489052 0.420909 0.565683 0.6656 0.0015179
1 0.490585 0.430402 0.573849 0.658409 0.00147412
20 0.880473 0.581436 0.239054 0.404997 0.00143948
9 0.488491 0.423344 0.564724 0.612723 0.00141265
20 0.114149 0.659122 0.220625 0.379015 0.00141254
11 0.489052 0.420909 0.565683 0.6656 0.00132279
17 0.163527 0.905226 0.287338 0.181112 0.00127062
5 0.485195 0.388984 0.336454 0.53153 0.00105613
5 0.361532 0.438461 0.320905 0.545019 0.00101229
19 0.32122 0.487911 0.264967 0.521344 0.00100135
