10 0.245592 0.588231 0.128391 0.141959 0.91997
10 0.39809 0.570723 0.131211 0.136748 0.906791
10 0.101415 0.61291 0.112707 0.14685 0.903701
10 0.546908 0.571833 0.12748 0.146168 0.901613
10 0.708577 0.57886 0.125462 0.145887 0.897663
2 0.546642 0.572049 0.128117 0.143175 0.0108073
1 0.398115 0.571771 0.129338 0.139878 0.00851732
6 0.546642 0.572049 0.128117 0.143175 0.00834824
1 0.546597 0.571576 0.129962 0.145874 0.00829338
8 0.546442 0.571462 0.129309 0.146327 0.00763298
1 0.707846 0.578967 0.128289 0.146818 0.0072901
1 0.245547 0.588666 0.13204 0.141549 0.00683685
11 0.100544 0.613627 0.11497 0.147764 0.00683083
11 0.707846 0.578967 0.128289 0.146818 0.00672949
1 0.100544 0.613627 0.11497 0.147764 0.00615792
2 0.397568 0.572504 0.127087 0.134779 0.00604765
11 0.546597 0.571576 0.129962 0.145874 0.00598905
6 0.39809 0.570723 0.131211 0.136748 0.00591782
14 0.707846 0.578967 0.128289 0.146818 0.00588492
8 0.39736 0.571637 0.129529 0.137242 0.00571096
14 0.546597 0.571576 0.129962 0.145874 0.00543517
8 0.245547 0.588666 0.13204 0.141549 0.00535531
6 0.245618 0.589495 0.129533 0.140164 0.00527868
14 0.398115 0.571771 0.129338 0.139878 0.00526327
11 0.398115 0.571771 0.129338 0.139878 0.00524547
21 0.546642 0.572049 0.128117 0.143175 0.00514655
4 0.546104 0.571383 0.131804 0.143352 0.00506818
4 0.70713 0.579958 0.127486 0.146237 0.00506621
4 0.09991 0.613554 0.11641 0.14554 0.00503486
4 0.397896 0.570819 0.130591 0.138232 0.00480068
11 0.245194 0.588716 0.130269 0.142361 0.00479408
20 0.707518 0.580436 0.127438 0.143293 0.00477103
6 0.708277 0.578693 0.123655 0.149603 0.00472598
20 0.546442 0.571462 0.129309 0.146327 0.00468518
20 0.245618 0.589495 0.129533 0.140164 0.00465357
4 0.245194 0.588716 0.130269 0.142361 0.0046103
17 0.245194 0.588716 0.130269 0.142361 0.00450481
6 0.100103 0.613084 0.116456 0.143709 0.0044759
20 0.398095 0.571118 0.126177 0.138201 0.00446361
17 0.707846 0.578967 0.128289 0.146818 0.00432506
14 0.245194 0.588716 0.130269 0.142361 0.00418255
8 0.100544 0.613627 0.11497 0.147764 0.00416095
17 0.100544 0.613627 0.11497 0.147764 0.00411215
14 0.100544 0.613627 0.11497 0.147764 0.00406121
21 0.397568 0.572504 0.127087 0.134779 0.00395511
8 0.707846 0.578967 0.128289 0.146818 0.00382377
20 0.100395 0.612667 0.114239 0.146742 0.00376965
2 0.245618 0.589495 0.129533 0.140164 0.00368234
2 0.707737 0.578791 0.127937 0.145265 0.0036723
2 0.100561 0.613815 0.115407 0.147482 0.00360352
22 0.546104 0.571383 0.131804 0.143352 0.00350094
22 0.70713 0.579958 0.127486 0.146237 0.00340077
22 0.09991 0.613554 0.11641 0.14554 0.00340065
22 0.398115 0.571771 0.129338 0.139878 0.00338305
22 0.245194 0.588716 0.130269 0.142361 0.00333476
21 0.245488 0.589749 0.129354 0.142759 0.00331359
17 0.546303 0.570986 0.128211 0.146376 0.00322248
17 0.398115 0.571771 0.129338 0.139878 0.00312786
21 0.708577 0.57886 0.125462 0.145887 0.00298755
5 0.245194 0.588716 0.130269 0.142361 0.0029401
21 0.09991 0.613554 0.11641 0.14554 0.00287498
5 0.100544 0.613627 0.11497 0.147764 0.00265669
0 0.546597 0.571576 0.129962 0.145874 0.0026479
0 0.398115 0.571771 0.129338 0.139878 0.00252995
3 0.546442 0.571462 0.129309 0.146327 0.00247335
5 0.546104 0.571383 0.131804 0.143352 0.00234118
15 0.546648 0.571257 0.129325 0.144444 0.00231533
18 0.245488 0.589749 0.129354 0.142759 0.00223905
0 0.70713 0.579958 0.127486 0.146237 0.00223145
15 0.398095 0.571118 0.126177 0.138201 0.00215141
15 0.245583 0.588177 0.127726 0.143991 0.00214893
15 0.708577 0.57886 0.125462 0.145887 0.00212602
5 0.398115 0.571771 0.129338 0.139878 0.00212411
5 0.70713 0.579958 0.127486 0.146237 0.00212096
15 0.100765 0.612917 0.113288 0.146618 0.0021018
0 0.100544 0.613627 0.11497 0.147764 0.00207019
3 0.398115 0.571771 0.129338 0.139878 0.00199508
0 0.245194 0.588716 0.130269 0.142361 0.00198874
9 0.546597 0.571576 0.129962 0.145874 0.001974
9 0.398115 0.571771 0.129338 0.139878 0.00191772
16 0.546642 0.572049 0.128117 0.143175 0.00190113
9 0.100544 0.613627 0.11497 0.147764 0.00182729
12 0.546597 0.571576 0.129962 0.145874 0.00180869
3 0.100544 0.613627 0.11497 0.147764 0.00180121
9 0.707846 0.578967 0.128289 0.146818 0.00178321
12 0.398115 0.571771 0.129338 0.139878 0.00175924
18 0.397896 0.570819 0.130591 0.138232 0.00171991
12 0.100544 0.613627 0.11497 0.147764 0.001713
9 0.245547 0.588666 0.13204 0.141549 0.00168423
18 0.09991 0.613554 0.11641 0.14554 0.00167585
3 0.245547 0.588666 0.13204 0.141549 0.00165462
18 0.546597 0.571576 0.129962 0.145874 0.00164847
3 0.707846 0.578967 0.128289 0.146818 0.00164687
12 0.245194 0.588716 0.130269 0.142361 0.0016411
12 0.707846 0.578967 0.128289 0.146818 0.00160169
18 0.70713 0.579958 0.127486 0.146237 0.0015887
11 0.207279 0.896949 0.0686401 0.109047 0.00156337
13 0.546442 0.571462 0.129309 0.146327 0.00155243
16 0.397896 0.570819 0.130591 0.138232 0.00147483
16 0.245488 0.589749 0.129354 0.142759 0.00137201
16 0.70713 0.579958 0.127486 0.146237 0.00133578
16 0.09991 0.613554 0.11641 0.14554 0.00133111
13 0.39736 0.571637 0.129529 0.137242 0.00125277
13 0.245488 0.589749 0.129354 0.142759 0.00119656
13 0.100544 0.613627 0.11497 0.147764 0.00110772
13 0.70713 0.579958 0.127486 0.146237 0.00107532
19 0.245809 0.588682 0.12821 0.142015 0.00104819
