14 0.332662 0.460133 0.117248 0.146571 0.733065
14 0.45356 0.467433 0.151362 0.146642 0.50521
14 0.503199 0.469024 0.27215 0.14605 0.0963607
10 0.332906 0.460756 0.117146 0.148353 0.0101949
11 0.333356 0.461575 0.117761 0.151501 0.00560504
4 0.333088 0.461133 0.119884 0.154239 0.00516708
8 0.332779 0.460459 0.116123 0.148577 0.0048456
10 0.454256 0.465813 0.154905 0.145044 0.00444987
8 0.45552 0.464622 0.167411 0.14392 0.00429218
11 0.457148 0.467696 0.166234 0.144982 0.00413182
21 0.332906 0.460756 0.117146 0.148353 0.00376822
17 0.45552 0.464622 0.167411 0.14392 0.00371615
0 0.333356 0.461575 0.117761 0.151501 0.00365399
4 0.45552 0.464622 0.167411 0.14392 0.00356052
5 0.457148 0.467696 0.166234 0.144982 0.00354333
0 0.457148 0.467696 0.166234 0.144982 0.00354165
17 0.504205 0.469144 0.275587 0.149775 0.00335676
14 0.5668 0.461354 0.148682 0.132616 0.00328859
15 0.333088 0.461133 0.119884 0.154239 0.00327437
1 0.333088 0.461133 0.119884 0.154239 0.00307956
15 0.457148 0.467696 0.166234 0.144982 0.00278123
2 0.333088 0.461133 0.119884 0.154239 0.00270339
1 0.45552 0.464622 0.167411 0.14392 0.00258031
20 0.333356 0.461575 0.117761 0.151501 0.00247812
21 0.457148 0.467696 0.166234 0.144982 0.00247093
11 0.174998 0.172182 0.129932 0.341779 0.00236328
22 0.457148 0.467696 0.166234 0.144982 0.00230557
5 0.333356 0.461575 0.117761 0.151501 0.00225043
17 0.333088 0.461133 0.119884 0.154239 0.00224261
6 0.333356 0.461575 0.117761 0.151501 0.00219975
7 0.457148 0.467696 0.166234 0.144982 0.00216711
22 0.333088 0.461133 0.119884 0.154239 0.00215407
7 0.333356 0.461575 0.117761 0.151501 0.00204863
20 0.45552 0.464622 0.167411 0.14392 0.00200357
13 0.333235 0.460245 0.117509 0.148783 0.00189616
9 0.333356 0.461575 0.117761 0.151501 0.00185421
12 0.333356 0.461575 0.117761 0.151501 0.00179509
13 0.45552 0.464622 0.167411 0.14392 0.00178606
12 0.457148 0.467696 0.166234 0.144982 0.00176175
14 0.421102 0.470944 0.261467 0.161812 0.00167687
3 0.333356 0.461575 0.117761 0.151501 0.00167392
11 0.504205 0.469144 0.275587 0.149775 0.00154824
2 0.457148 0.467696 0.166234 0.144982 0.00151721
9 0.45552 0.464622 0.167411 0.14392 0.00150643
16 0.45552 0.464622 0.167411 0.14392 0.00149479
8 0.504205 0.469144 0.275587 0.149775 0.00142019
11 0.244773 0.0995239 0.0845029 0.138146 0.0014029
6 0.457148 0.467696 0.166234 0.144982 0.00136365
18 0.45552 0.464622 0.167411 0.14392 0.00131482
10 0.504205 0.469144 0.275587 0.149775 0.00129662
3 0.457148 0.467696 0.166234 0.144982 0.00123758
19 0.45552 0.464622 0.167411 0.14392 0.0011728
4 0.504205 0.469144 0.275587 0.149775 0.00112267
19 0.332662 0.460133 0.117248 0.146571 0.00111318
16 0.333356 0.461575 0.117761 0.151501 0.00110888
