1 0.442951 0.460995 0.328362 0.350589 0.73409
5 0.706569 0.783162 0.203242 0.261908 0.204887
11 0.719185 0.78204 0.177663 0.263435 0.0281078
22 0.442951 0.460995 0.328362 0.350589 0.00579585
17 0.442951 0.460995 0.328362 0.350589 0.00413798
4 0.442951 0.460995 0.328362 0.350589 0.00406311
7 0.442951 0.460995 0.328362 0.350589 0.00370478
5 0.442951 0.460995 0.328362 0.350589 0.00357572
2 0.442951 0.460995 0.328362 0.350589 0.00317102
0 0.442951 0.460995 0.328362 0.350589 0.00309206
3 0.442951 0.460995 0.328362 0.350589 0.00302794
8 0.442951 0.460995 0.328362 0.350589 0.00283453
14 0.442951 0.460995 0.328362 0.350589 0.00242391
18 0.442951 0.460995 0.328362 0.350589 0.00216037
10 0.704104 0.78431 0.218429 0.27214 0.00200702
15 0.442951 0.460995 0.328362 0.350589 0.00196712
10 0.442951 0.460995 0.328362 0.350589 0.00195424
11 0.442951 0.460995 0.328362 0.350589 0.00192439
1 0.706116 0.781103 0.203947 0.274363 0.00181498
17 0.704104 0.78431 0.218429 0.27214 0.00172313
21 0.442951 0.460995 0.328362 0.350589 0.00170862
6 0.442951 0.460995 0.328362 0.350589 0.00169502
12 0.442951 0.460995 0.328362 0.350589 0.00167412
4 0.704104 0.78431 0.218429 0.27214 0.00167192
16 0.442951 0.460995 0.328362 0.350589 0.00163051
20 0.442951 0.460995 0.328362 0.350589 0.00149172
0 0.704104 0.78431 0.218429 0.27214 0.0014101
9 0.442951 0.460995 0.328362 0.350589 0.00136068
13 0.442951 0.460995 0.328362 0.350589 0.00131835
6 0.704104 0.78431 0.218429 0.27214 0.00131717
19 0.442951 0.460995 0.328362 0.350589 0.00121069
14 0.704104 0.78431 0.218429 0.27214 0.00114667
1 0.278763 0.876852 0.0749049 0.115987 0.00100898
