0 0.573675 0.760695 0.0793304 0.0955617 0.243362
11 0.572188 0.760418 0.0808461 0.0999084 0.0157242
5 0.480567 0.51844 0.255923 0.239239 0.0107881
1 0.57368 0.760727 0.0803427 0.101349 0.00386017
4 0.57368 0.760727 0.0803427 0.101349 0.00266873
20 0.572188 0.760418 0.0808461 0.0999084 0.00259925
0 0.571928 0.756444 0.0576548 0.0739734 0.00179355
10 0.572188 0.760418 0.0808461 0.0999084 0.00137525
13 0.572188 0.760418 0.0808461 0.0999084 0.0013503
22 0.57368 0.760727 0.0803427 0.101349 0.00129383
17 0.57368 0.760727 0.0803427 0.101349 0.00111439
14 0.573792 0.761308 0.0784549 0.102955 0.00110966
5 0.57368 0.760727 0.0803427 0.101349 0.00109112
8 0.57368 0.760727 0.0803427 0.101349 0.00101598
