10 0.853674 0.514515 0.254428 0.291458 0.89607
10 0.524131 0.520246 0.271136 0.299778 0.886371
10 0.192614 0.551579 0.250929 0.342224 0.817568
17 0.524357 0.519025 0.279929 0.300489 0.0147616
14 0.192557 0.551199 0.26261 0.339095 0.013293
8 0.854654 0.513824 0.263269 0.288699 0.0128593
17 0.192557 0.551199 0.26261 0.339095 0.0127419
1 0.857461 0.514853 0.271374 0.294407 0.0125123
6 0.189775 0.552664 0.269689 0.343987 0.0118828
2 0.854654 0.513824 0.263269 0.288699 0.0112983
1 0.525395 0.519219 0.283897 0.299561 0.0112414
8 0.524357 0.519025 0.279929 0.300489 0.0111092
6 0.854654 0.513824 0.263269 0.288699 0.0106508
21 0.854654 0.513824 0.263269 0.288699 0.0101907
11 0.192557 0.551199 0.26261 0.339095 0.0101551
14 0.854654 0.513824 0.263269 0.288699 0.010021
14 0.525395 0.519219 0.283897 0.299561 0.00958392
22 0.854654 0.513824 0.263269 0.288699 0.0090627
6 0.524357 0.519025 0.279929 0.300489 0.00905259
20 0.854654 0.513824 0.263269 0.288699 0.00871332
17 0.854641 0.513687 0.268707 0.293155 0.00844449
22 0.525395 0.519219 0.283897 0.299561 0.00771602
20 0.525395 0.519219 0.283897 0.299561 0.00763669
20 0.192557 0.551199 0.26261 0.339095 0.00732412
21 0.525395 0.519219 0.283897 0.299561 0.00723828
22 0.192557 0.551199 0.26261 0.339095 0.00711
1 0.192557 0.551199 0.26261 0.339095 0.00683296
8 0.189775 0.552664 0.269689 0.343987 0.00677508
21 0.192557 0.551199 0.26261 0.339095 0.00676237
2 0.189775 0.552664 0.269689 0.343987 0.00674066
2 0.524357 0.519025 0.279929 0.300489 0.00672413
3 0.854654 0.513824 0.263269 0.288699 0.00628457
4 0.854654 0.513824 0.263269 0.288699 0.00605008
11 0.524357 0.519025 0.279929 0.300489 0.00603307
11 0.854654 0.513824 0.263269 0.288699 0.005826
4 0.524357 0.519025 0.279929 0.300489 0.0058095
5 0.524357 0.519025 0.279929 0.300489 0.00552349
5 0.189775 0.552664 0.269689 0.343987 0.00427032
3 0.525395 0.519219 0.283897 0.299561 0.00426222
18 0.854654 0.513824 0.263269 0.288699 0.0041475
15 0.854654 0.513824 0.263269 0.288699 0.00403769
3 0.192557 0.551199 0.26261 0.339095 0.0040068
4 0.189775 0.552664 0.269689 0.343987 0.00367839
15 0.525395 0.519219 0.283897 0.299561 0.00351055
18 0.525395 0.519219 0.283897 0.299561 0.00344468
18 0.192557 0.551199 0.26261 0.339095 0.00308737
0 0.524357 0.519025 0.279929 0.300489 0.00302213
5 0.854641 0.513687 0.268707 0.293155 0.00301035
0 0.854641 0.513687 0.268707 0.293155 0.00299371
16 0.854654 0.513824 0.263269 0.288699 0.00258455
15 0.192557 0.551199 0.26261 0.339095 0.00256164
12 0.854654 0.513824 0.263269 0.288699 0.00250272
16 0.524357 0.519025 0.279929 0.300489 0.00239817
0 0.192557 0.551199 0.26261 0.339095 0.0023074
16 0.192557 0.551199 0.26261 0.339095 0.00229854
9 0.854654 0.513824 0.263269 0.288699 0.00223974
12 0.525395 0.519219 0.283897 0.299561 0.00213118
9 0.524357 0.519025 0.279929 0.300489 0.00205633
12 0.192557 0.551199 0.26261 0.339095 0.0020335
9 0.192557 0.551199 0.26261 0.339095 0.00180184
13 0.854654 0.513824 0.263269 0.288699 0.00165143
13 0.524357 0.519025 0.279929 0.300489 0.00157932
19 0.525395 0.519219 0.283897 0.299561 0.00157411
13 0.189775 0.552664 0.269689 0.343987 0.00151528
7 0.524357 0.519025 0.279929 0.300489 0.00148735
19 0.854654 0.513824 0.263269 0.288699 0.0014052
19 0.192557 0.551199 0.26261 0.339095 0.00131263
7 0.854654 0.513824 0.263269 0.288699 0.00109899
7 0.189775 0.552664 0.269689 0.343987 0.00100635
