5 0.563217 0.562417 0.262411 0.277807 0.883913
4 0.562369 0.561994 0.267226 0.279725 0.00509417
5 0.338702 0.591454 0.246121 0.290352 0.00423864
1 0.562369 0.561994 0.267226 0.279725 0.00390628
19 0.562369 0.561994 0.267226 0.279725 0.00364059
0 0.56301 0.563007 0.262923 0.280708 0.00336189
8 0.562369 0.561994 0.267226 0.279725 0.00335997
18 0.56301 0.563007 0.262923 0.280708 0.00285851
10 0.562369 0.561994 0.267226 0.279725 0.00282558
7 0.562369 0.561994 0.267226 0.279725 0.00268846
14 0.562369 0.561994 0.267226 0.279725 0.00268324
0 0.591129 0.157747 0.0438945 0.0467017 0.0026485
6 0.562369 0.561994 0.267226 0.279725 0.00264029
13 0.56301 0.563007 0.262923 0.280708 0.00234439
22 0.562369 0.561994 0.267226 0.279725 0.0022517
11 0.562369 0.561994 0.267226 0.279725 0.00218519
20 0.562369 0.561994 0.267226 0.279725 0.00206871
17 0.562369 0.561994 0.267226 0.279725 0.00199205
12 0.562369 0.561994 0.267226 0.279725 0.00190264
9 0.562369 0.561994 0.267226 0.279725 0.00183596
16 0.562369 0.561994 0.267226 0.279725 0.00183402
15 0.56298 0.563187 0.267376 0.285592 0.00181159
11 0.566589 0.0644166 0.0393354 0.091816 0.00175166
3 0.562369 0.561994 0.267226 0.279725 0.0017475
2 0.562369 0.561994 0.267226 0.279725 0.001741
21 0.56301 0.563007 0.262923 0.280708 0.00168649
5 0.989721 0.909501 0.0205588 0.146896 0.00162409
