1 0.598085 0.700976 0.350833 0.266813 0.917704
5 0.595404 0.700839 0.356745 0.271678 0.00505975
17 0.595404 0.700839 0.356745 0.271678 0.00470756
22 0.597492 0.701474 0.3463 0.265469 0.00452675
0 0.597492 0.701474 0.3463 0.265469 0.00423677
7 0.597492 0.701474 0.3463 0.265469 0.00414817
4 0.597492 0.701474 0.3463 0.265469 0.00379375
18 0.597492 0.701474 0.3463 0.265469 0.00371407
3 0.597492 0.701474 0.3463 0.265469 0.00368759
2 0.597492 0.701474 0.3463 0.265469 0.00353442
14 0.597492 0.701474 0.3463 0.265469 0.00322367
15 0.597492 0.701474 0.3463 0.265469 0.00290062
8 0.597492 0.701474 0.3463 0.265469 0.00285395
21 0.597492 0.701474 0.3463 0.265469 0.00232961
1 0.594764 0.695395 0.16751 0.2529 0.00223001
6 0.597492 0.701474 0.3463 0.265469 0.00219294
16 0.597492 0.701474 0.3463 0.265469 0.0020857
12 0.597492 0.701474 0.3463 0.265469 0.0020362
11 0.597492 0.701474 0.3463 0.265469 0.00195417
20 0.597492 0.701474 0.3463 0.265469 0.00195359
13 0.597492 0.701474 0.3463 0.265469 0.00182137
19 0.597492 0.701474 0.3463 0.265469 0.00180611
10 0.597492 0.701474 0.3463 0.265469 0.00180141
9 0.597492 0.701474 0.3463 0.265469 0.001738
