14 0.490621 0.521805 0.21188 0.236891 0.754231
1 0.490621 0.521805 0.21188 0.236891 0.0106144
8 0.492147 0.52356 0.213495 0.244967 0.0091503
10 0.490621 0.521805 0.21188 0.236891 0.0088071
0 0.490621 0.521805 0.21188 0.236891 0.00796241
11 0.492147 0.52356 0.213495 0.244967 0.00635146
4 0.492147 0.52356 0.213495 0.244967 0.00622952
15 0.490621 0.521805 0.21188 0.236891 0.00591702
21 0.490621 0.521805 0.21188 0.236891 0.00563516
17 0.48599 0.516921 0.210736 0.228348 0.00518598
22 0.490621 0.521805 0.21188 0.236891 0.00490692
5 0.490621 0.521805 0.21188 0.236891 0.00470735
20 0.492147 0.52356 0.213495 0.244967 0.00411691
7 0.490621 0.521805 0.21188 0.236891 0.00390825
13 0.492147 0.52356 0.213495 0.244967 0.00345653
2 0.490621 0.521805 0.21188 0.236891 0.00326829
12 0.490621 0.521805 0.21188 0.236891 0.00300422
3 0.490621 0.521805 0.21188 0.236891 0.0028184
16 0.492147 0.52356 0.213495 0.244967 0.00277902
18 0.492147 0.52356 0.213495 0.244967 0.00266324
6 0.490621 0.521805 0.21188 0.236891 0.00263237
14 0.523927 0.558002 0.263747 0.311304 0.00252534
9 0.492147 0.52356 0.213495 0.244967 0.00215832
19 0.492147 0.52356 0.213495 0.244967 0.0018572
14 0.425179 0.541275 0.334784 0.273231 0.00150404
