5 0.417419 0.395855 0.292877 0.355337 0.453451
14 0.620445 0.391088 0.238601 0.376339 0.0110415
5 0.631529 0.411778 0.251814 0.350831 0.00723242
1 0.417668 0.394756 0.298882 0.355421 0.0033997
4 0.423265 0.392736 0.288649 0.360521 0.00318119
0 0.417668 0.394756 0.298882 0.355421 0.00265578
14 0.423265 0.392736 0.288649 0.360521 0.00259661
22 0.417668 0.394756 0.298882 0.355421 0.0024825
8 0.417668 0.394756 0.298882 0.355421 0.00188276
5 0.48252 0.369321 0.414283 0.429204 0.00168179
10 0.417668 0.394756 0.298882 0.355421 0.0015687
7 0.417668 0.394756 0.298882 0.355421 0.0014843
19 0.417668 0.394756 0.298882 0.355421 0.00137822
6 0.417668 0.394756 0.298882 0.355421 0.00137665
14 0.738665 0.0575087 0.107281 0.0928675 0.00127604
18 0.417668 0.394756 0.298882 0.355421 0.00119356
13 0.417668 0.394756 0.298882 0.355421 0.0011238
11 0.423265 0.392736 0.288649 0.360521 0.00111284
3 0.417668 0.394756 0.298882 0.355421 0.00109221
