0 0.365212 0.500229 0.108594 0.121101 0.0910528
4 0.635462 0.542474 0.176386 0.179286 0.0276585
22 0.632582 0.53948 0.172449 0.179553 0.0114277
1 0.630546 0.542806 0.177192 0.178942 0.0108678
8 0.638677 0.540193 0.171233 0.178502 0.0052535
13 0.634668 0.541613 0.178505 0.182702 0.00250324
17 0.371992 0.55826 0.301735 0.238342 0.00230119
14 0.635462 0.542474 0.176386 0.179286 0.0018155
7 0.634668 0.541613 0.178505 0.182702 0.00174938
11 0.366326 0.50099 0.107638 0.124938 0.00159021
2 0.630546 0.542806 0.177192 0.178942 0.00158012
0 0.634668 0.541613 0.178505 0.182702 0.00156689
3 0.634568 0.54223 0.176534 0.176956 0.00155559
0 0.364676 0.512714 0.217933 0.176997 0.00150277
21 0.635198 0.542521 0.172959 0.172696 0.00139242
8 0.44666 0.557265 0.192194 0.210199 0.00137159
19 0.630546 0.542806 0.177192 0.178942 0.0012655
4 0.365212 0.500229 0.108594 0.121101 0.00115891
