14 0.461224 0.581908 0.169684 0.170337 0.938432
14 0.619039 0.685837 0.181571 0.187753 0.624147
14 0.680502 0.684327 0.307603 0.194218 0.0554781
17 0.679243 0.683914 0.299077 0.187969 0.0235525
1 0.460792 0.581416 0.176625 0.169639 0.0125498
17 0.459754 0.579868 0.175971 0.172636 0.0122932
5 0.622286 0.685299 0.190798 0.182169 0.0116612
15 0.459754 0.579868 0.175971 0.172636 0.0113452
17 0.619515 0.684793 0.179578 0.179446 0.0112869
10 0.459754 0.579868 0.175971 0.172636 0.0090628
4 0.460833 0.582147 0.174804 0.169212 0.00807042
7 0.460833 0.582147 0.174804 0.169212 0.00802553
11 0.459754 0.579868 0.175971 0.172636 0.00754744
8 0.622286 0.685299 0.190798 0.182169 0.00749613
1 0.619515 0.684793 0.179578 0.179446 0.00719855
10 0.622286 0.685299 0.190798 0.182169 0.00705613
8 0.459754 0.579868 0.175971 0.172636 0.00693213
0 0.460833 0.582147 0.174804 0.169212 0.0065642
11 0.622286 0.685299 0.190798 0.182169 0.00645425
21 0.459754 0.579868 0.175971 0.172636 0.00626977
5 0.460833 0.582147 0.174804 0.169212 0.00618166
4 0.619515 0.684793 0.179578 0.179446 0.00611104
22 0.460833 0.582147 0.174804 0.169212 0.00552475
0 0.619515 0.684793 0.179578 0.179446 0.00540722
7 0.619515 0.684793 0.179578 0.179446 0.00503201
22 0.619515 0.684793 0.179578 0.179446 0.00499004
15 0.622286 0.685299 0.190798 0.182169 0.00455766
13 0.460792 0.581416 0.176625 0.169639 0.00426703
20 0.459754 0.579868 0.175971 0.172636 0.00416467
2 0.460833 0.582147 0.174804 0.169212 0.00415416
17 0.683355 0.638134 0.312875 0.308355 0.00398485
18 0.460792 0.581416 0.176625 0.169639 0.00390664
3 0.460833 0.582147 0.174804 0.169212 0.00386136
21 0.622286 0.685299 0.190798 0.182169 0.00367746
12 0.459754 0.579868 0.175971 0.172636 0.00365803
19 0.459754 0.579868 0.175971 0.172636 0.0033247
16 0.460792 0.581416 0.176625 0.169639 0.00331436
6 0.460833 0.582147 0.174804 0.169212 0.00330797
9 0.460792 0.581416 0.176625 0.169639 0.00328843
13 0.622286 0.685299 0.190798 0.182169 0.00304164
20 0.622286 0.685299 0.190798 0.182169 0.00298397
2 0.619515 0.684793 0.179578 0.179446 0.00271174
12 0.622286 0.685299 0.190798 0.182169 0.00269517
16 0.619515 0.684793 0.179578 0.179446 0.0025255
9 0.619515 0.684793 0.179578 0.179446 0.00236427
14 0.683579 0.619236 0.310486 0.340583 0.00235281
6 0.622286 0.685299 0.190798 0.182169 0.00233768
19 0.622286 0.685299 0.190798 0.182169 0.00215497
18 0.622286 0.685299 0.190798 0.182169 0.00214062
3 0.619515 0.684793 0.179578 0.179446 0.00209441
5 0.68144 0.685278 0.308429 0.201467 0.00171363
7 0.679243 0.683914 0.299077 0.187969 0.00104698
