22 0.522345 0.477953 0.385876 0.427143 0.51901
17 0.533364 0.481454 0.393304 0.427104 0.35402
7 0.534515 0.481604 0.392359 0.419846 0.0451323
1 0.533364 0.481454 0.393304 0.427104 0.0119731
22 0.437849 0.484543 0.219256 0.428775 0.0101897
17 0.682634 0.487284 0.534887 0.427127 0.0071828
8 0.531935 0.478345 0.387676 0.422859 0.00656185
19 0.534515 0.481604 0.392359 0.419846 0.00583907
2 0.522894 0.477454 0.390353 0.412216 0.00565902
5 0.522345 0.477953 0.385876 0.427143 0.00553545
3 0.532655 0.478683 0.389567 0.390996 0.00494545
7 0.682634 0.487284 0.534887 0.427127 0.00436932
4 0.531935 0.478345 0.387676 0.422859 0.00386624
14 0.525403 0.481747 0.390375 0.41977 0.00377605
1 0.101048 0.507699 0.202096 0.256122 0.00376399
22 0.63331 0.483745 0.553059 0.444057 0.00333657
0 0.533364 0.481454 0.393304 0.427104 0.00282861
18 0.533191 0.480408 0.388485 0.407262 0.00205923
5 0.437904 0.503069 0.225894 0.475083 0.00198766
5 0.634615 0.481608 0.559481 0.439692 0.00198353
10 0.521142 0.47709 0.397116 0.38539 0.00149508
13 0.52443 0.481781 0.388914 0.426068 0.00127698
16 0.533364 0.481454 0.393304 0.427104 0.00120115
9 0.533191 0.480408 0.388485 0.407262 0.0011157
21 0.52443 0.481781 0.388914 0.426068 0.00101907
