5 0.531976 0.735403 0.246116 0.170487 0.734426
0 0.531034 0.73565 0.251685 0.173585 0.00573727
1 0.531034 0.73565 0.251685 0.173585 0.00544729
17 0.53357 0.735439 0.240275 0.168244 0.00382305
14 0.531034 0.73565 0.251685 0.173585 0.00360879
4 0.531034 0.73565 0.251685 0.173585 0.00316358
11 0.531034 0.73565 0.251685 0.173585 0.00284734
19 0.532355 0.736118 0.256613 0.171743 0.0027185
10 0.531034 0.73565 0.251685 0.173585 0.00268355
7 0.531034 0.73565 0.251685 0.173585 0.00267927
6 0.532355 0.736118 0.256613 0.171743 0.00266367
18 0.531034 0.73565 0.251685 0.173585 0.00229586
22 0.531034 0.73565 0.251685 0.173585 0.00229541
13 0.532355 0.736118 0.256613 0.171743 0.00224942
8 0.532355 0.736118 0.256613 0.171743 0.00214999
20 0.532355 0.736118 0.256613 0.171743 0.00199053
16 0.531034 0.73565 0.251685 0.173585 0.00184266
9 0.532355 0.736118 0.256613 0.171743 0.00184099
4 0.293524 0.296653 0.0782104 0.047284 0.00182843
12 0.531034 0.73565 0.251685 0.173585 0.0017557
1 0.348596 0.514428 0.239935 0.230157 0.00174669
2 0.532355 0.736118 0.256613 0.171743 0.00155679
21 0.531034 0.73565 0.251685 0.173585 0.00148142
15 0.531034 0.73565 0.251685 0.173585 0.00144846
3 0.532355 0.736118 0.256613 0.171743 0.00134679
