5 0.420803 0.635106 0.164092 0.28794 0.618262
5 0.605854 0.647337 0.230899 0.271506 0.404408
5 0.153801 0.0319957 0.134751 0.0639913 0.00603463
11 0.153801 0.0319957 0.134751 0.0639913 0.00387462
11 0.419493 0.636002 0.162184 0.28873 0.00289972
4 0.420218 0.634591 0.172221 0.288306 0.00255156
19 0.420218 0.634591 0.172221 0.288306 0.00234299
10 0.420218 0.634591 0.172221 0.288306 0.00224296
5 0.48592 0.638326 0.320135 0.295991 0.0022293
8 0.420218 0.634591 0.172221 0.288306 0.00215518
0 0.420218 0.634591 0.172221 0.288306 0.00205402
6 0.420218 0.634591 0.172221 0.288306 0.00194382
4 0.605854 0.647337 0.230899 0.271506 0.00191887
14 0.420123 0.63445 0.179179 0.295602 0.00181486
17 0.420218 0.634591 0.172221 0.288306 0.00179284
19 0.605854 0.647337 0.230899 0.271506 0.00177178
17 0.605854 0.647337 0.230899 0.271506 0.00172462
1 0.420123 0.63445 0.179179 0.295602 0.00168828
1 0.605854 0.647337 0.230899 0.271506 0.00167621
14 0.605854 0.647337 0.230899 0.271506 0.001647
0 0.605854 0.647337 0.230899 0.271506 0.00162711
18 0.420123 0.63445 0.179179 0.295602 0.00157501
7 0.420218 0.634591 0.172221 0.288306 0.00152524
22 0.420218 0.634591 0.172221 0.288306 0.00151275
10 0.605854 0.647337 0.230899 0.271506 0.00150574
8 0.605854 0.647337 0.230899 0.271506 0.00146802
11 0.202399 0.148805 0.0922894 0.214433 0.00144122
20 0.420218 0.634591 0.172221 0.288306 0.00142346
11 0.605854 0.647337 0.230899 0.271506 0.00142172
7 0.605854 0.647337 0.230899 0.271506 0.00141976
13 0.420218 0.634591 0.172221 0.288306 0.00140016
22 0.605854 0.647337 0.230899 0.271506 0.00137782
6 0.605854 0.647337 0.230899 0.271506 0.00135412
9 0.420218 0.634591 0.172221 0.288306 0.00133656
16 0.420218 0.634591 0.172221 0.288306 0.00131257
12 0.420218 0.634591 0.172221 0.288306 0.00127961
18 0.605854 0.647337 0.230899 0.271506 0.00112467
2 0.420218 0.634591 0.172221 0.288306 0.00109812
21 0.420123 0.63445 0.179179 0.295602 0.00109523
13 0.605854 0.647337 0.230899 0.271506 0.00108973
15 0.420218 0.634591 0.172221 0.288306 0.00105171
20 0.605854 0.647337 0.230899 0.271506 0.00100625
