5 0.511528 0.476556 0.484561 0.39186 0.676472
5 0.144446 0.60155 0.277216 0.389471 0.0767577
1 0.133634 0.602853 0.255328 0.385645 0.0183658
5 0.859365 0.536599 0.275411 0.52051 0.0166401
17 0.541179 0.811925 0.518415 0.308941 0.0150118
22 0.539718 0.809051 0.595757 0.3228 0.0147435
1 0.515106 0.475838 0.486461 0.403417 0.00789771
5 0.414314 0.494695 0.731036 0.473922 0.00469789
22 0.543304 0.772856 0.43066 0.221182 0.00394902
14 0.133634 0.602853 0.255328 0.385645 0.00334323
7 0.515106 0.475838 0.486461 0.403417 0.00288844
17 0.859365 0.536599 0.275411 0.52051 0.00266153
22 0.401835 0.80816 0.534445 0.335195 0.00245144
4 0.511602 0.476937 0.490842 0.408212 0.00242972
1 0.541179 0.811925 0.518415 0.308941 0.00221895
8 0.511602 0.476937 0.490842 0.408212 0.00215126
5 0.231093 0.60191 0.462186 0.453347 0.00206537
22 0.511602 0.476937 0.490842 0.408212 0.0017513
19 0.511602 0.476937 0.490842 0.408212 0.00168678
17 0.515106 0.475838 0.486461 0.403417 0.00155691
17 0.543304 0.772856 0.43066 0.221182 0.00151252
14 0.515106 0.475838 0.486461 0.403417 0.00148284
22 0.144446 0.60155 0.277216 0.389471 0.00141746
10 0.515106 0.475838 0.486461 0.403417 0.00139008
6 0.511602 0.476937 0.490842 0.408212 0.00128671
11 0.515106 0.475838 0.486461 0.403417 0.00127359
13 0.511602 0.476937 0.490842 0.408212 0.00124943
18 0.511602 0.476937 0.490842 0.408212 0.00119149
0 0.515106 0.475838 0.486461 0.403417 0.00116239
18 0.499118 0.80827 0.525361 0.305827 0.00112671
4 0.145342 0.592557 0.288033 0.389796 0.00111868
5 0.839043 0.638551 0.288726 0.497939 0.00107906
5 0.365808 0.59202 0.731616 0.701669 0.00106474
12 0.511602 0.476937 0.490842 0.408212 0.00105563
7 0.144446 0.60155 0.277216 0.389471 0.00105165
2 0.511602 0.476937 0.490842 0.408212 0.00103347
7 0.860243 0.516646 0.276249 0.499666 0.00102647
3 0.511602 0.476937 0.490842 0.408212 0.00102207
20 0.515106 0.475838 0.486461 0.403417 0.00101609
16 0.515106 0.475838 0.486461 0.403417 0.00100717
