14 0.386803 0.566807 0.214338 0.352885 0.843319
7 0.387042 0.568912 0.214678 0.342926 0.112039
17 0.387687 0.571597 0.214791 0.362562 0.0818115
1 0.387687 0.571597 0.214791 0.362562 0.0201615
15 0.386509 0.567168 0.209987 0.348684 0.00896467
17 0.643881 0.608832 0.263884 0.327724 0.0064847
5 0.386535 0.566001 0.212766 0.348812 0.00584137
22 0.386535 0.566001 0.212766 0.348812 0.00475445
4 0.386535 0.566001 0.212766 0.348812 0.00433907
21 0.386535 0.566001 0.212766 0.348812 0.00397937
0 0.385951 0.565224 0.210736 0.332632 0.00368521
11 0.386535 0.566001 0.212766 0.348812 0.00364088
14 0.659444 0.593148 0.231095 0.321157 0.00360089
13 0.386535 0.566001 0.212766 0.348812 0.00315819
3 0.385951 0.565224 0.210736 0.332632 0.00291501
17 0.503598 0.495908 0.608949 0.582657 0.00254406
8 0.386535 0.566001 0.212766 0.348812 0.00253883
2 0.385951 0.565224 0.210736 0.332632 0.00248784
10 0.385951 0.565224 0.210736 0.332632 0.00233546
12 0.386535 0.566001 0.212766 0.348812 0.00221145
16 0.386535 0.566001 0.212766 0.348812 0.00201823
9 0.385951 0.565224 0.210736 0.332632 0.00190675
19 0.386535 0.566001 0.212766 0.348812 0.00188366
18 0.386535 0.566001 0.212766 0.348812 0.00185005
6 0.385951 0.565224 0.210736 0.332632 0.00180185
20 0.386535 0.566001 0.212766 0.348812 0.00175271
17 0.666507 0.464131 0.305519 0.527361 0.00114614
5 0.713543 0.466897 0.292147 0.517364 0.00111551
