8 0.728242 0.567105 0.14475 0.276125 0.409096
8 0.544197 0.557478 0.190174 0.289865 0.169594
8 0.586788 0.566523 0.102633 0.276779 0.0976679
8 0.39017 0.544667 0.162352 0.300862 0.082165
8 0.437774 0.536947 0.246687 0.300449 0.0506809
22 0.521721 0.543064 0.241149 0.295055 0.00989263
17 0.521721 0.543064 0.241149 0.295055 0.00985505
8 0.296167 0.539021 0.215656 0.314564 0.00665439
1 0.521721 0.543064 0.241149 0.295055 0.00504447
8 0.596758 0.603249 0.0913011 0.193601 0.00476411
4 0.73127 0.563843 0.151597 0.276601 0.00465895
8 0.244639 0.536258 0.199194 0.337771 0.00418685
8 0.674107 0.556889 0.110842 0.286736 0.00416459
22 0.728242 0.567105 0.14475 0.276125 0.00409044
4 0.521721 0.543064 0.241149 0.295055 0.00369135
1 0.728242 0.567105 0.14475 0.276125 0.00342529
5 0.521721 0.543064 0.241149 0.295055 0.00295035
4 0.39298 0.541077 0.170655 0.297132 0.00273762
5 0.726797 0.565175 0.145464 0.278534 0.00240982
11 0.73127 0.563843 0.151597 0.276601 0.00193525
10 0.728242 0.567105 0.14475 0.276125 0.00184889
22 0.437774 0.536947 0.246687 0.300449 0.00182238
4 0.585535 0.566007 0.105353 0.270731 0.00167359
8 0.462015 0.531376 0.141252 0.302172 0.00163248
5 0.39298 0.541077 0.170655 0.297132 0.00159052
22 0.384935 0.54079 0.167841 0.298722 0.00158381
2 0.73127 0.563843 0.151597 0.276601 0.00157143
0 0.728242 0.567105 0.14475 0.276125 0.00149616
17 0.73127 0.563843 0.151597 0.276601 0.00145137
7 0.521721 0.543064 0.241149 0.295055 0.00139667
1 0.39298 0.541077 0.170655 0.297132 0.00135648
2 0.521721 0.543064 0.241149 0.295055 0.00133164
14 0.73127 0.563843 0.151597 0.276601 0.00129686
19 0.726558 0.564369 0.143317 0.278166 0.00121799
21 0.73127 0.563843 0.151597 0.276601 0.00121203
17 0.437774 0.536947 0.246687 0.300449 0.00119759
8 0.62866 0.583782 0.147755 0.247291 0.00114804
11 0.39298 0.541077 0.170655 0.297132 0.00113239
10 0.521721 0.543064 0.241149 0.295055 0.00109389
22 0.585535 0.566007 0.105353 0.270731 0.00105422
19 0.530853 0.551916 0.215198 0.288268 0.00105241
8 0.659175 0.551134 0.19163 0.304117 0.00104711
