6 0.761407 0.580259 0.381929 0.474264 0.0197128
5 0.758937 0.581919 0.412836 0.493884 0.0121186
7 0.459849 0.551892 0.397624 0.483658 0.00783144
5 0.463999 0.553692 0.40096 0.477282 0.00520692
19 0.763516 0.564217 0.340215 0.48364 0.00494786
19 0.463999 0.553692 0.40096 0.477282 0.00439828
7 0.763683 0.582709 0.343515 0.483463 0.00432958
6 0.463373 0.555696 0.393557 0.471142 0.00391792
13 0.458842 0.554015 0.388519 0.481492 0.00334205
14 0.295824 0.198681 0.109358 0.108762 0.00200186
17 0.761228 0.579599 0.381508 0.477199 0.0017292
11 0.758937 0.581919 0.412836 0.493884 0.00164212
3 0.758937 0.581919 0.412836 0.493884 0.00152956
13 0.763516 0.564217 0.340215 0.48364 0.00135752
20 0.763516 0.564217 0.340215 0.48364 0.00131559
16 0.463999 0.553692 0.40096 0.477282 0.00118228
