14 0.486808 0.764027 0.257828 0.248932 0.913323
11 0.33805 0.454855 0.105464 0.314383 0.706203
11 0.450278 0.461565 0.0881589 0.315542 0.3046
11 0.543145 0.461193 0.264332 0.330798 0.144629
11 0.493209 0.469554 0.164201 0.308253 0.0333429
14 0.537931 0.458959 0.242423 0.345163 0.0099021
1 0.488336 0.76141 0.260962 0.248163 0.00861182
5 0.486653 0.762238 0.255122 0.243886 0.00836232
15 0.488336 0.76141 0.260962 0.248163 0.00779318
8 0.488336 0.76141 0.260962 0.248163 0.00752764
21 0.488336 0.76141 0.260962 0.248163 0.00699354
10 0.486653 0.762238 0.255122 0.243886 0.00685071
7 0.486653 0.762238 0.255122 0.243886 0.00560938
15 0.535581 0.458235 0.239273 0.325851 0.00539969
0 0.486653 0.762238 0.255122 0.243886 0.00531612
4 0.488336 0.76141 0.260962 0.248163 0.00518697
11 0.486653 0.762238 0.255122 0.243886 0.00502102
3 0.537931 0.458959 0.242423 0.345163 0.00484289
22 0.488336 0.76141 0.260962 0.248163 0.00480741
20 0.338171 0.456112 0.106801 0.311702 0.00453983
17 0.486653 0.762238 0.255122 0.243886 0.0043677
10 0.338171 0.456112 0.106801 0.311702 0.00389323
13 0.486653 0.762238 0.255122 0.243886 0.0038213
20 0.488336 0.76141 0.260962 0.248163 0.00356199
17 0.543145 0.461193 0.264332 0.330798 0.00353764
2 0.488336 0.76141 0.260962 0.248163 0.00345765
14 0.337947 0.455815 0.106629 0.314138 0.00338103
3 0.486653 0.762238 0.255122 0.243886 0.00326509
17 0.339667 0.457785 0.109483 0.311244 0.00322054
5 0.33696 0.452983 0.106854 0.307784 0.00315972
18 0.488336 0.76141 0.260962 0.248163 0.00308981
12 0.488336 0.76141 0.260962 0.248163 0.00303458
6 0.486653 0.762238 0.255122 0.243886 0.00299648
13 0.537931 0.458959 0.242423 0.345163 0.0026914
11 0.372414 0.458958 0.111171 0.30183 0.00268497
16 0.488336 0.76141 0.260962 0.248163 0.00265418
15 0.339667 0.457785 0.109483 0.311244 0.0025748
19 0.487163 0.762538 0.262757 0.250031 0.00241874
1 0.537931 0.458959 0.242423 0.345163 0.00240092
5 0.555565 0.462491 0.286055 0.324345 0.00233653
9 0.486653 0.762238 0.255122 0.243886 0.00226765
11 0.556008 0.463303 0.15233 0.310075 0.00214746
6 0.337947 0.455815 0.106629 0.314138 0.00207779
0 0.337947 0.455815 0.106629 0.314138 0.00199819
1 0.337947 0.455815 0.106629 0.314138 0.00194214
7 0.537931 0.458959 0.242423 0.345163 0.00191591
11 0.424523 0.455685 0.176764 0.339401 0.00184446
6 0.537931 0.458959 0.242423 0.345163 0.00183664
5 0.44986 0.466273 0.0853969 0.302459 0.00182072
11 0.384177 0.438056 0.155662 0.363254 0.0017195
3 0.337947 0.455815 0.106629 0.314138 0.00170639
13 0.337947 0.455815 0.106629 0.314138 0.001602
20 0.537931 0.458959 0.242423 0.345163 0.00155211
16 0.338171 0.456112 0.106801 0.311702 0.00152629
10 0.450278 0.461565 0.0881589 0.315542 0.00138579
21 0.537931 0.458959 0.242423 0.345163 0.00138349
9 0.337947 0.455815 0.106629 0.314138 0.00137277
12 0.337947 0.455815 0.106629 0.314138 0.00135574
0 0.450278 0.461565 0.0881589 0.315542 0.00135509
8 0.337947 0.455815 0.106629 0.314138 0.00133909
7 0.337947 0.455815 0.106629 0.314138 0.00133801
22 0.537931 0.458959 0.242423 0.345163 0.00128193
10 0.537931 0.458959 0.242423 0.345163 0.00127513
4 0.450278 0.461565 0.0881589 0.315542 0.00126431
18 0.337947 0.455815 0.106629 0.314138 0.00125189
20 0.450278 0.461565 0.0881589 0.315542 0.00124892
1 0.450278 0.461565 0.0881589 0.315542 0.0012487
2 0.537931 0.458959 0.242423 0.345163 0.00122711
4 0.337947 0.455815 0.106629 0.314138 0.00122158
21 0.337947 0.455815 0.106629 0.314138 0.00116541
14 0.450278 0.461565 0.0881589 0.315542 0.00116228
15 0.450278 0.461565 0.0881589 0.315542 0.00115747
18 0.537931 0.458959 0.242423 0.345163 0.00110152
19 0.337947 0.455815 0.106629 0.314138 0.00108293
2 0.337947 0.455815 0.106629 0.314138 0.00105301
