6 0.755773 0.529737 0.173649 0.364461 0.59503
16 0.755773 0.529737 0.173649 0.364461 0.194879
6 0.468016 0.466702 0.247183 0.354224 0.123204
15 0.750703 0.530754 0.217695 0.402377 0.0437821
3 0.457507 0.469322 0.279044 0.384932 0.035446
13 0.752121 0.529416 0.22078 0.400588 0.0317379
1 0.466728 0.465709 0.255116 0.375007 0.0282901
13 0.457507 0.469322 0.279044 0.384932 0.0270285
19 0.752121 0.529416 0.22078 0.400588 0.0258273
16 0.460113 0.470088 0.258189 0.360569 0.0227906
21 0.750703 0.530754 0.217695 0.402377 0.0193369
5 0.752121 0.529416 0.22078 0.400588 0.0192273
3 0.752121 0.529416 0.22078 0.400588 0.0174323
2 0.752121 0.529416 0.22078 0.400588 0.016858
18 0.753911 0.532456 0.181159 0.355171 0.0158194
2 0.457507 0.469322 0.279044 0.384932 0.0126965
20 0.752121 0.529416 0.22078 0.400588 0.0122573
4 0.755194 0.537032 0.177834 0.352156 0.0103442
7 0.750703 0.530754 0.217695 0.402377 0.00964436
5 0.466728 0.465709 0.255116 0.375007 0.00955132
18 0.459937 0.469977 0.257684 0.35393 0.00906628
11 0.752988 0.535865 0.177823 0.357152 0.00892532
22 0.457507 0.469322 0.279044 0.384932 0.00814598
9 0.750703 0.530754 0.217695 0.402377 0.00688704
21 0.457507 0.469322 0.279044 0.384932 0.00679875
7 0.457507 0.469322 0.279044 0.384932 0.00648341
15 0.456745 0.471841 0.285331 0.372073 0.00508306
12 0.752121 0.529416 0.22078 0.400588 0.00498646
20 0.457507 0.469322 0.279044 0.384932 0.00451274
0 0.457507 0.469322 0.279044 0.384932 0.00436186
10 0.752121 0.529416 0.22078 0.400588 0.00372884
4 0.457507 0.469322 0.279044 0.384932 0.00322565
9 0.460113 0.470088 0.258189 0.360569 0.00314638
19 0.457507 0.469322 0.279044 0.384932 0.00311952
1 0.756295 0.532029 0.216655 0.397068 0.00297494
12 0.457507 0.469322 0.279044 0.384932 0.00274478
22 0.750703 0.530754 0.217695 0.402377 0.00253344
6 0.761386 0.472298 0.187846 0.225109 0.00210468
11 0.457507 0.469322 0.279044 0.384932 0.00201895
11 0.956062 0.54359 0.0878763 0.426514 0.00180581
10 0.457507 0.469322 0.279044 0.384932 0.00166786
8 0.750703 0.530754 0.217695 0.402377 0.00163351
17 0.755134 0.531547 0.175665 0.363241 0.00153326
0 0.750703 0.530754 0.217695 0.402377 0.00145876
