5 0.755685 0.443615 0.26451 0.408133 0.795403
5 0.491026 0.442123 0.281561 0.400077 0.716543
1 0.754783 0.444592 0.269565 0.407413 0.00394954
1 0.489875 0.442347 0.286499 0.402015 0.00352828
4 0.754783 0.444592 0.269565 0.407413 0.00333548
0 0.489875 0.442347 0.286499 0.402015 0.00288213
4 0.489875 0.442347 0.286499 0.402015 0.00280244
14 0.754783 0.444592 0.269565 0.407413 0.00266731
19 0.754783 0.444592 0.269565 0.407413 0.00258746
14 0.489875 0.442347 0.286499 0.402015 0.0024068
8 0.754783 0.444592 0.269565 0.407413 0.00232591
7 0.754783 0.444592 0.269565 0.407413 0.00229361
0 0.754783 0.444592 0.269565 0.407413 0.00215918
19 0.489875 0.442347 0.286499 0.402015 0.00204969
11 0.489875 0.442347 0.286499 0.402015 0.00198766
7 0.489875 0.442347 0.286499 0.402015 0.0019651
8 0.489875 0.442347 0.286499 0.402015 0.00194849
11 0.754783 0.444592 0.269565 0.407413 0.00192728
18 0.754783 0.444592 0.269565 0.407413 0.00188116
18 0.489875 0.442347 0.286499 0.402015 0.00184865
6 0.754783 0.444592 0.269565 0.407413 0.00184573
10 0.754783 0.444592 0.269565 0.407413 0.00180243
22 0.754783 0.444592 0.269565 0.407413 0.00171495
22 0.488013 0.44747 0.302846 0.395729 0.00170389
6 0.489875 0.442347 0.286499 0.402015 0.00170306
10 0.489875 0.442347 0.286499 0.402015 0.00167469
20 0.754783 0.444592 0.269565 0.407413 0.00146913
12 0.754783 0.444592 0.269565 0.407413 0.00145973
17 0.754783 0.444592 0.269565 0.407413 0.00144567
13 0.754783 0.444592 0.269565 0.407413 0.00143876
16 0.754783 0.444592 0.269565 0.407413 0.00143764
15 0.754783 0.444592 0.269565 0.407413 0.00137728
12 0.489875 0.442347 0.286499 0.402015 0.00137008
13 0.489875 0.442347 0.286499 0.402015 0.0013633
16 0.489875 0.442347 0.286499 0.402015 0.00135676
20 0.489875 0.442347 0.286499 0.402015 0.00133487
3 0.754783 0.444592 0.269565 0.407413 0.00125781
2 0.754783 0.444592 0.269565 0.407413 0.00121827
9 0.754783 0.444592 0.269565 0.407413 0.00121602
3 0.489875 0.442347 0.286499 0.402015 0.00121374
17 0.489875 0.442347 0.286499 0.402015 0.00121129
21 0.754783 0.444592 0.269565 0.407413 0.00118796
15 0.489875 0.442347 0.286499 0.402015 0.00117752
21 0.489875 0.442347 0.286499 0.402015 0.00114053
2 0.489875 0.442347 0.286499 0.402015 0.00113776
5 0.743756 0.501073 0.248483 0.263249 0.00112025
9 0.489875 0.442347 0.286499 0.402015 0.00108479
