20 0.501733 0.817161 0.361395 0.0888588 0.356636
4 0.521609 0.635624 0.330607 0.09484 0.18027
20 0.522013 0.634574 0.330424 0.0922184 0.148103
14 0.51477 0.533525 0.362232 0.131787 0.0893295
11 0.505186 0.819801 0.367374 0.0960281 0.0812266
17 0.518951 0.633835 0.350404 0.103356 0.0734777
14 0.502876 0.375179 0.36962 0.0900061 0.0536056
11 0.505973 0.374729 0.376305 0.0911216 0.0518464
11 0.521609 0.635624 0.330607 0.09484 0.0386692
17 0.515673 0.541054 0.36269 0.145733 0.0169128
14 0.51373 0.50946 0.332885 0.0906418 0.0161067
14 0.518951 0.633835 0.350404 0.103356 0.0159425
5 0.505973 0.374729 0.376305 0.0911216 0.0145239
4 0.521271 0.514385 0.335016 0.0914864 0.0102856
4 0.509288 0.818216 0.348357 0.100022 0.00993883
5 0.519195 0.631123 0.353029 0.107873 0.00972841
17 0.492296 0.820448 0.368536 0.0927904 0.00845404
17 0.505973 0.374729 0.376305 0.0911216 0.00828007
20 0.516931 0.373059 0.346013 0.0891644 0.00807732
8 0.518951 0.633835 0.350404 0.103356 0.00784603
17 0.517321 0.515403 0.348855 0.0896643 0.00748571
13 0.509288 0.818216 0.348357 0.100022 0.0073705
11 0.521271 0.514385 0.335016 0.0914864 0.00680989
13 0.522013 0.634574 0.330424 0.0922184 0.00633659
10 0.522581 0.637848 0.336167 0.0973933 0.00491032
5 0.516866 0.516899 0.350201 0.0966254 0.00469836
19 0.521609 0.635624 0.330607 0.09484 0.0044569
10 0.505186 0.819801 0.367374 0.0960281 0.00403442
19 0.501733 0.817161 0.361395 0.0888588 0.00339103
14 0.511119 0.570329 0.343389 0.219278 0.0031856
4 0.515673 0.541054 0.36269 0.145733 0.00305063
4 0.515833 0.372879 0.346612 0.0927266 0.00297881
10 0.51477 0.533525 0.362232 0.131787 0.0027715
5 0.505186 0.819801 0.367374 0.0960281 0.00252053
20 0.520519 0.515709 0.333678 0.0987174 0.00238764
11 0.515673 0.541054 0.36269 0.145733 0.00225167
10 0.511119 0.570329 0.343389 0.219278 0.00189972
7 0.519195 0.631123 0.353029 0.107873 0.00175631
16 0.521609 0.635624 0.330607 0.09484 0.00170219
16 0.501175 0.818844 0.364924 0.0910981 0.00166777
6 0.501733 0.817161 0.361395 0.0888588 0.00157584
15 0.518951 0.633835 0.350404 0.103356 0.00154234
6 0.521609 0.635624 0.330607 0.09484 0.00141678
21 0.521609 0.635624 0.330607 0.09484 0.00141542
21 0.501175 0.818844 0.364924 0.0910981 0.00138804
8 0.51477 0.533525 0.362232 0.131787 0.00137673
7 0.510542 0.819226 0.350849 0.0958893 0.00130627
12 0.521609 0.635624 0.330607 0.09484 0.00129459
11 0.78505 0.562725 0.130814 0.486904 0.00122018
22 0.519195 0.631123 0.353029 0.107873 0.00121472
18 0.521609 0.635624 0.330607 0.09484 0.00119163
9 0.521609 0.635624 0.330607 0.09484 0.00116446
10 0.506723 0.375295 0.376611 0.0873233 0.00111298
13 0.515833 0.372879 0.346612 0.0927266 0.00110452
18 0.510542 0.819226 0.350849 0.0958893 0.0010984
13 0.521271 0.514385 0.335016 0.0914864 0.00108939
9 0.505186 0.819801 0.367374 0.0960281 0.00104177
4 0.517269 0.615267 0.371131 0.148303 0.00102076
