5 0.418938 0.641662 0.201529 0.320274 0.558745
11 0.615767 0.0931102 0.0283753 0.0959129 0.444169
4 0.418366 0.639749 0.206557 0.320768 0.103849
11 0.65224 0.0923372 0.0287307 0.0853815 0.0640645
22 0.415726 0.64319 0.205287 0.316363 0.0354447
19 0.418366 0.639749 0.206557 0.320768 0.0141838
7 0.418366 0.639749 0.206557 0.320768 0.0104689
1 0.41804 0.641151 0.200533 0.31157 0.00766839
3 0.414517 0.642947 0.209079 0.306208 0.00730399
11 0.623375 0.0958985 0.0336955 0.0907051 0.0072156
8 0.418405 0.640425 0.201633 0.3202 0.00639104
2 0.41804 0.641151 0.200533 0.31157 0.00452591
13 0.414517 0.642947 0.209079 0.306208 0.00430567
18 0.416033 0.642815 0.207296 0.304912 0.00401842
17 0.41804 0.641151 0.200533 0.31157 0.00390473
14 0.418405 0.640425 0.201633 0.3202 0.0031131
6 0.41804 0.641151 0.200533 0.31157 0.00294742
16 0.419241 0.642499 0.194565 0.319293 0.00272655
15 0.41804 0.641151 0.200533 0.31157 0.0026929
0 0.615834 0.0948183 0.0277573 0.0940493 0.00257268
9 0.41804 0.641151 0.200533 0.31157 0.0025052
21 0.418405 0.640425 0.201633 0.3202 0.00235292
12 0.41804 0.641151 0.200533 0.31157 0.00195352
10 0.41804 0.641151 0.200533 0.31157 0.00189772
0 0.418405 0.640425 0.201633 0.3202 0.00185117
11 0.418405 0.640425 0.201633 0.3202 0.00168409
20 0.418405 0.640425 0.201633 0.3202 0.0015129
11 0.667443 0.0898221 0.049891 0.0920058 0.00151205
4 0.615767 0.0931102 0.0283753 0.0959129 0.00145068
20 0.615767 0.0931102 0.0283753 0.0959129 0.0014053
15 0.615767 0.0931102 0.0283753 0.0959129 0.00122607
10 0.615767 0.0931102 0.0283753 0.0959129 0.00115902
1 0.615834 0.0948183 0.0277573 0.0940493 0.00114107
14 0.615767 0.0931102 0.0283753 0.0959129 0.00111432
13 0.615767 0.0931102 0.0283753 0.0959129 0.00106799
