5 0.534577 0.571239 0.44075 0.265646 0.721403
1 0.535409 0.571128 0.440385 0.270476 0.00422787
7 0.535409 0.571128 0.440385 0.270476 0.00406392
17 0.530834 0.571571 0.448391 0.262368 0.0029852
4 0.535409 0.571128 0.440385 0.270476 0.00295281
19 0.536 0.571973 0.441053 0.268688 0.00246901
14 0.535409 0.571128 0.440385 0.270476 0.00209242
22 0.535409 0.571128 0.440385 0.270476 0.00201577
8 0.535409 0.571128 0.440385 0.270476 0.00196293
13 0.535409 0.571128 0.440385 0.270476 0.00181009
10 0.535409 0.571128 0.440385 0.270476 0.00176843
11 0.535409 0.571128 0.440385 0.270476 0.0017286
6 0.535409 0.571128 0.440385 0.270476 0.00167018
18 0.536 0.571973 0.441053 0.268688 0.00160462
0 0.535409 0.571128 0.440385 0.270476 0.00144078
16 0.536 0.571973 0.441053 0.268688 0.00134955
20 0.536 0.571973 0.441053 0.268688 0.00131694
12 0.535409 0.571128 0.440385 0.270476 0.00127974
2 0.535409 0.571128 0.440385 0.270476 0.00120396
3 0.535409 0.571128 0.440385 0.270476 0.00116608
15 0.535409 0.571128 0.440385 0.270476 0.00110943
9 0.535409 0.571128 0.440385 0.270476 0.0011071
21 0.535409 0.571128 0.440385 0.270476 0.00107883
