5 0.501593 0.508162 0.225232 0.200114 0.577844
0 0.501594 0.507158 0.22994 0.201344 0.00535589
4 0.501594 0.507158 0.22994 0.201344 0.00516361
1 0.500305 0.507761 0.234836 0.205491 0.0033495
14 0.501594 0.507158 0.22994 0.201344 0.00275424
10 0.500305 0.507761 0.234836 0.205491 0.00266369
8 0.500305 0.507761 0.234836 0.205491 0.00249943
19 0.501594 0.507158 0.22994 0.201344 0.00236885
22 0.501594 0.507158 0.22994 0.201344 0.00225944
11 0.501594 0.507158 0.22994 0.201344 0.00213643
6 0.501594 0.507158 0.22994 0.201344 0.00207188
13 0.501594 0.507158 0.22994 0.201344 0.00189467
18 0.501594 0.507158 0.22994 0.201344 0.00188426
7 0.501594 0.507158 0.22994 0.201344 0.00180909
0 0.509748 0.168694 0.0434627 0.0606259 0.00174891
17 0.501594 0.507158 0.22994 0.201344 0.00171177
20 0.501594 0.507158 0.22994 0.201344 0.00167964
12 0.501594 0.507158 0.22994 0.201344 0.00160369
9 0.501594 0.507158 0.22994 0.201344 0.00154036
16 0.501594 0.507158 0.22994 0.201344 0.00150191
5 0.0755193 0.357486 0.0926737 0.128259 0.0014421
21 0.501594 0.507158 0.22994 0.201344 0.00133902
2 0.501594 0.507158 0.22994 0.201344 0.00133455
15 0.501594 0.507158 0.22994 0.201344 0.00120019
3 0.501594 0.507158 0.22994 0.201344 0.00119072
0 0.138412 0.288021 0.078216 0.0586048 0.00116359
5 0.509684 0.444741 0.238254 0.319792 0.00114876
