1 0.631769 0.717872 0.233296 0.193496 0.91524
1 0.379264 0.719303 0.228337 0.190961 0.78027
14 0.384336 0.718188 0.223433 0.194791 0.336253
7 0.379324 0.718773 0.224382 0.187652 0.0179588
0 0.379324 0.718773 0.224382 0.187652 0.0109743
22 0.379324 0.718773 0.224382 0.187652 0.0103616
0 0.631069 0.716708 0.230783 0.194194 0.00675428
3 0.379324 0.718773 0.224382 0.187652 0.0067207
4 0.630784 0.717424 0.233803 0.193906 0.00510863
5 0.630784 0.717424 0.233803 0.193906 0.00487825
2 0.379324 0.718773 0.224382 0.187652 0.00470738
17 0.631069 0.716708 0.230783 0.194194 0.00438615
18 0.631311 0.718443 0.230696 0.19092 0.00434859
22 0.631069 0.716708 0.230783 0.194194 0.00430131
7 0.631069 0.716708 0.230783 0.194194 0.00386025
15 0.630784 0.717424 0.233803 0.193906 0.00380415
5 0.379324 0.718773 0.224382 0.187652 0.00374816
14 0.630784 0.717424 0.233803 0.193906 0.0036737
2 0.631069 0.716708 0.230783 0.194194 0.00363354
3 0.631069 0.716708 0.230783 0.194194 0.00358945
8 0.631069 0.716708 0.230783 0.194194 0.00352535
15 0.379324 0.718773 0.224382 0.187652 0.00341464
4 0.377811 0.71961 0.219631 0.189414 0.003389
6 0.631069 0.716708 0.230783 0.194194 0.00310084
13 0.379324 0.718773 0.224382 0.187652 0.00309738
11 0.631069 0.716708 0.230783 0.194194 0.00304023
6 0.379324 0.718773 0.224382 0.187652 0.00281778
21 0.379324 0.718773 0.224382 0.187652 0.00278501
17 0.38139 0.719151 0.219829 0.193691 0.0027584
18 0.38139 0.719151 0.219829 0.193691 0.00272847
8 0.38139 0.719151 0.219829 0.193691 0.00269799
21 0.630784 0.717424 0.233803 0.193906 0.00266606
20 0.631069 0.716708 0.230783 0.194194 0.00255262
11 0.38139 0.719151 0.219829 0.193691 0.0025514
16 0.631069 0.716708 0.230783 0.194194 0.00252718
12 0.630784 0.717424 0.233803 0.193906 0.00242795
10 0.630784 0.717424 0.233803 0.193906 0.00242744
13 0.631069 0.716708 0.230783 0.194194 0.00222651
9 0.631069 0.716708 0.230783 0.194194 0.00220404
12 0.377811 0.71961 0.219631 0.189414 0.00216561
19 0.630784 0.717424 0.233803 0.193906 0.00212905
10 0.38139 0.719151 0.219829 0.193691 0.00209995
16 0.377811 0.71961 0.219631 0.189414 0.00206959
9 0.379324 0.718773 0.224382 0.187652 0.00203478
20 0.38139 0.719151 0.219829 0.193691 0.00182731
19 0.38139 0.719151 0.219829 0.193691 0.00135848
0 0.321536 0.156848 0.03965 0.0474585 0.00112229
