14 0.464401 0.516373 0.253043 0.256166 0.910923
11 0.431935 0.216756 0.090373 0.296464 0.140184
11 0.313773 0.209943 0.109529 0.292501 0.11807
11 0.538947 0.229262 0.293549 0.304408 0.0169793
17 0.538201 0.217943 0.291216 0.312295 0.00891247
20 0.313773 0.209943 0.109529 0.292501 0.00870887
1 0.464953 0.514797 0.255021 0.251179 0.00849656
5 0.464953 0.514797 0.255021 0.251179 0.00848828
15 0.464953 0.514797 0.255021 0.251179 0.00734669
8 0.464953 0.514797 0.255021 0.251179 0.00725599
21 0.464199 0.515642 0.257051 0.253954 0.00653616
10 0.463502 0.515592 0.25792 0.254828 0.00626334
7 0.464199 0.515642 0.257051 0.253954 0.00592198
0 0.464953 0.514797 0.255021 0.251179 0.00535721
4 0.464953 0.514797 0.255021 0.251179 0.00526022
11 0.464953 0.514797 0.255021 0.251179 0.00497454
22 0.464953 0.514797 0.255021 0.251179 0.00467238
10 0.313773 0.209943 0.109529 0.292501 0.00465005
17 0.464953 0.514797 0.255021 0.251179 0.00436968
5 0.555841 0.232016 0.308549 0.308158 0.00406324
5 0.314721 0.211848 0.107479 0.297186 0.00385401
13 0.464199 0.515642 0.257051 0.253954 0.00382663
20 0.464199 0.515642 0.257051 0.253954 0.00364843
2 0.464953 0.514797 0.255021 0.251179 0.00343583
3 0.464953 0.514797 0.255021 0.251179 0.00329171
18 0.464199 0.515642 0.257051 0.253954 0.00309101
12 0.464199 0.515642 0.257051 0.253954 0.00301151
5 0.431905 0.214543 0.0928022 0.296214 0.00297789
6 0.464953 0.514797 0.255021 0.251179 0.00273889
16 0.464953 0.514797 0.255021 0.251179 0.00265393
19 0.463502 0.515592 0.25792 0.254828 0.00246644
17 0.313773 0.209943 0.109529 0.292501 0.00230148
9 0.463502 0.515592 0.25792 0.254828 0.00227538
4 0.314624 0.203708 0.102175 0.280659 0.00148356
7 0.538201 0.217943 0.291216 0.312295 0.00129322
14 0.721205 0.515561 0.1699 0.233406 0.0012555
14 0.738602 0.524936 0.246246 0.272322 0.00117424
4 0.434348 0.21832 0.087249 0.287752 0.0011444
1 0.431935 0.216756 0.090373 0.296464 0.00113212
10 0.434348 0.21832 0.087249 0.287752 0.00110497
11 0.535381 0.218655 0.14936 0.291543 0.00104423
15 0.313773 0.209943 0.109529 0.292501 0.00101319
