1 0.644327 0.190681 0.306148 0.359986 0.697997
1 0.299306 0.193578 0.383138 0.387155 0.193452
22 0.642797 0.192339 0.310924 0.357417 0.00382721
2 0.642797 0.192339 0.310924 0.357417 0.00322881
4 0.642797 0.192339 0.310924 0.357417 0.00309798
5 0.645372 0.187416 0.317803 0.374832 0.00293897
1 0.298958 0.22379 0.363073 0.286926 0.00292209
5 0.492796 0.511691 0.233155 0.192502 0.00284011
3 0.642797 0.192339 0.310924 0.357417 0.0028059
18 0.642797 0.192339 0.310924 0.357417 0.00267029
0 0.642086 0.195577 0.313422 0.347055 0.00240632
7 0.642797 0.192339 0.310924 0.357417 0.00233206
15 0.642797 0.192339 0.310924 0.357417 0.0022792
8 0.642797 0.192339 0.310924 0.357417 0.00219164
17 0.642262 0.19239 0.302876 0.350037 0.00203125
3 0.299306 0.193578 0.383138 0.387155 0.00193298
21 0.642797 0.192339 0.310924 0.357417 0.00189082
15 0.299306 0.193578 0.383138 0.387155 0.00185016
6 0.642797 0.192339 0.310924 0.357417 0.00182618
2 0.298301 0.187458 0.378884 0.374915 0.00179637
1 0.300056 0.222333 0.547338 0.444666 0.001766
10 0.642797 0.192339 0.310924 0.357417 0.00171989
16 0.642797 0.192339 0.310924 0.357417 0.00171588
20 0.642797 0.192339 0.310924 0.357417 0.00170803
12 0.642797 0.192339 0.310924 0.357417 0.00170168
11 0.642797 0.192339 0.310924 0.357417 0.00166972
14 0.642797 0.192339 0.310924 0.357417 0.00162852
5 0.489637 0.502789 0.157096 0.164223 0.00146629
9 0.642797 0.192339 0.310924 0.357417 0.00135347
19 0.642797 0.192339 0.310924 0.357417 0.00133375
22 0.299306 0.193578 0.383138 0.387155 0.00133216
13 0.642797 0.192339 0.310924 0.357417 0.00128384
7 0.299306 0.193578 0.383138 0.387155 0.00124213
