5 0.48723 0.461618 0.212103 0.417803 0.906022
5 0.666027 0.475258 0.296567 0.412369 0.822321
1 0.566301 0.189251 0.229712 0.243955 0.756324
5 0.287817 0.493877 0.219776 0.456976 0.595194
1 0.345747 0.190458 0.239698 0.241411 0.400298
1 0.780354 0.213426 0.194115 0.276493 0.388941
4 0.289456 0.502816 0.215772 0.445112 0.028294
1 0.666114 0.474737 0.304566 0.416747 0.00692786
0 0.565437 0.18776 0.237122 0.245527 0.00681944
1 0.486693 0.460568 0.218349 0.423522 0.00665934
5 0.778298 0.213535 0.189648 0.27317 0.00523787
22 0.565947 0.188981 0.238981 0.243638 0.00450366
5 0.565947 0.188981 0.238981 0.243638 0.00409956
0 0.780435 0.214592 0.191481 0.271969 0.00399534
5 0.345948 0.188251 0.235953 0.246433 0.00384007
1 0.287537 0.498551 0.219872 0.433902 0.00382138
14 0.486181 0.461343 0.219151 0.417523 0.00374159
3 0.565437 0.18776 0.237122 0.245527 0.0036756
18 0.565437 0.18776 0.237122 0.245527 0.0036448
4 0.565947 0.188981 0.238981 0.243638 0.00353684
17 0.564138 0.188451 0.230528 0.241844 0.00345054
4 0.486693 0.460568 0.218349 0.423522 0.00336204
19 0.486693 0.460568 0.218349 0.423522 0.00312197
14 0.287537 0.498551 0.219872 0.433902 0.00310552
2 0.565947 0.188981 0.238981 0.243638 0.00307482
4 0.666114 0.474737 0.304566 0.416747 0.00302054
4 0.780435 0.214592 0.191481 0.271969 0.0028183
8 0.565947 0.188981 0.238981 0.243638 0.0028072
10 0.487815 0.461877 0.217232 0.41179 0.00276169
22 0.780435 0.214592 0.191481 0.271969 0.00272598
6 0.487815 0.461877 0.217232 0.41179 0.00270447
7 0.564138 0.188451 0.230528 0.241844 0.00269928
19 0.664879 0.474209 0.30439 0.418136 0.00269354
17 0.780435 0.214592 0.191481 0.271969 0.00268901
0 0.345043 0.188662 0.236961 0.240731 0.00267544
5 0.49319 0.460394 0.215441 0.256667 0.00266587
8 0.486693 0.460568 0.218349 0.423522 0.00262762
7 0.664879 0.474209 0.30439 0.418136 0.00259728
18 0.486693 0.460568 0.218349 0.423522 0.00259278
17 0.287537 0.498551 0.219872 0.433902 0.00259044
7 0.486181 0.461343 0.219151 0.417523 0.00257241
22 0.345043 0.188662 0.236961 0.240731 0.00254758
17 0.345043 0.188662 0.236961 0.240731 0.00252584
11 0.565437 0.18776 0.237122 0.245527 0.00251013
8 0.666114 0.474737 0.304566 0.416747 0.00250152
6 0.565437 0.18776 0.237122 0.245527 0.00241799
11 0.487815 0.461877 0.217232 0.41179 0.00239792
14 0.564138 0.188451 0.230528 0.241844 0.00237281
14 0.664879 0.474209 0.30439 0.418136 0.00237137
15 0.565437 0.18776 0.237122 0.245527 0.00231783
4 0.345043 0.188662 0.236961 0.240731 0.00230849
20 0.565437 0.18776 0.237122 0.245527 0.00220912
19 0.287537 0.498551 0.219872 0.433902 0.00220116
16 0.565437 0.18776 0.237122 0.245527 0.00218052
17 0.487815 0.461877 0.217232 0.41179 0.00214668
18 0.664879 0.474209 0.30439 0.418136 0.00210217
0 0.487815 0.461877 0.217232 0.41179 0.00207392
22 0.486693 0.460568 0.218349 0.423522 0.00206819
11 0.666114 0.474737 0.304566 0.416747 0.00206663
21 0.565437 0.18776 0.237122 0.245527 0.00204495
11 0.780435 0.214592 0.191481 0.271969 0.00202981
6 0.666114 0.474737 0.304566 0.416747 0.00202046
10 0.564138 0.188451 0.230528 0.241844 0.00193796
12 0.565947 0.188981 0.238981 0.243638 0.00192968
15 0.486693 0.460568 0.218349 0.423522 0.00190909
19 0.564138 0.188451 0.230528 0.241844 0.00186099
11 0.285201 0.496516 0.220327 0.446362 0.00185063
10 0.664879 0.474209 0.30439 0.418136 0.00184962
22 0.666114 0.474737 0.304566 0.416747 0.00184019
10 0.287537 0.498551 0.219872 0.433902 0.00181767
9 0.565947 0.188981 0.238981 0.243638 0.00179673
7 0.287537 0.498551 0.219872 0.433902 0.00178662
0 0.666114 0.474737 0.304566 0.416747 0.00178455
8 0.780435 0.214592 0.191481 0.271969 0.00177067
16 0.486181 0.461343 0.219151 0.417523 0.00175478
20 0.486181 0.461343 0.219151 0.417523 0.00175336
6 0.287537 0.498551 0.219872 0.433902 0.00172493
13 0.565437 0.18776 0.237122 0.245527 0.00170231
12 0.486693 0.460568 0.218349 0.423522 0.00169386
18 0.345043 0.188662 0.236961 0.240731 0.00165218
17 0.666114 0.474737 0.304566 0.416747 0.00163179
3 0.486693 0.460568 0.218349 0.423522 0.00162216
3 0.780435 0.214592 0.191481 0.271969 0.00160245
2 0.345043 0.188662 0.236961 0.240731 0.00160236
13 0.486693 0.460568 0.218349 0.423522 0.00160114
18 0.287537 0.498551 0.219872 0.433902 0.00159344
18 0.780435 0.214592 0.191481 0.271969 0.0015913
2 0.780435 0.214592 0.191481 0.271969 0.00157848
7 0.780435 0.214592 0.191481 0.271969 0.00157843
7 0.345948 0.188251 0.235953 0.246433 0.00155284
14 0.778298 0.213535 0.189648 0.27317 0.00154342
11 0.345043 0.188662 0.236961 0.240731 0.00153536
21 0.486693 0.460568 0.218349 0.423522 0.00152445
20 0.664879 0.474209 0.30439 0.418136 0.00152413
22 0.287537 0.498551 0.219872 0.433902 0.00152352
3 0.345948 0.188251 0.235953 0.246433 0.00151814
9 0.486693 0.460568 0.218349 0.423522 0.00149074
16 0.664879 0.474209 0.30439 0.418136 0.00148624
12 0.666114 0.474737 0.304566 0.416747 0.00147778
8 0.345043 0.188662 0.236961 0.240731 0.00147
13 0.666114 0.474737 0.304566 0.416747 0.00146986
3 0.664879 0.474209 0.30439 0.418136 0.0014615
15 0.287537 0.498551 0.219872 0.433902 0.00144889
15 0.664879 0.474209 0.30439 0.418136 0.00144477
2 0.486693 0.460568 0.218349 0.423522 0.00142813
2 0.664879 0.474209 0.30439 0.418136 0.00134278
6 0.780435 0.214592 0.191481 0.271969 0.00131563
16 0.287537 0.498551 0.219872 0.433902 0.00131481
8 0.287537 0.498551 0.219872 0.433902 0.0012967
9 0.666114 0.474737 0.304566 0.416747 0.00125291
6 0.345948 0.188251 0.235953 0.246433 0.00125078
12 0.287537 0.498551 0.219872 0.433902 0.00122303
15 0.780435 0.214592 0.191481 0.271969 0.00120473
14 0.345043 0.188662 0.236961 0.240731 0.00117865
21 0.664879 0.474209 0.30439 0.418136 0.00117414
10 0.345043 0.188662 0.236961 0.240731 0.00116605
12 0.345043 0.188662 0.236961 0.240731 0.00116485
16 0.780435 0.214592 0.191481 0.271969 0.00115634
20 0.345043 0.188662 0.236961 0.240731 0.00115582
10 0.780435 0.214592 0.191481 0.271969 0.00113363
16 0.345043 0.188662 0.236961 0.240731 0.00111778
12 0.780435 0.214592 0.191481 0.271969 0.00110842
15 0.345043 0.188662 0.236961 0.240731 0.0010906
20 0.287537 0.498551 0.219872 0.433902 0.00108688
20 0.780435 0.214592 0.191481 0.271969 0.00108471
13 0.287537 0.498551 0.219872 0.433902 0.0010737
2 0.287537 0.498551 0.219872 0.433902 0.00105958
21 0.345043 0.188662 0.236961 0.240731 0.00104464
9 0.287537 0.498551 0.219872 0.433902 0.00102806
0 0.287537 0.498551 0.219872 0.433902 0.00101617
9 0.780435 0.214592 0.191481 0.271969 0.00100776
