22 0.513992 0.487982 0.244219 0.31022 0.140859
5 0.51606 0.486284 0.246194 0.354103 0.018687
14 0.527104 0.48854 0.236744 0.346516 0.0107612
1 0.523712 0.491617 0.225061 0.301888 0.00708646
7 0.51606 0.486284 0.246194 0.354103 0.00592887
17 0.51606 0.486284 0.246194 0.354103 0.00366905
4 0.500711 0.486728 0.266581 0.360981 0.00348816
8 0.512335 0.487316 0.252505 0.282844 0.00263902
1 0.473252 0.46384 0.321949 0.350849 0.00263717
2 0.507674 0.472823 0.258451 0.337353 0.0025387
22 0.575277 0.501503 0.238841 0.304002 0.00192148
3 0.512335 0.487316 0.252505 0.282844 0.00138664
8 0.471579 0.465804 0.321724 0.372601 0.00122775
0 0.52287 0.494054 0.218482 0.312088 0.00107111
22 0.532965 0.510815 0.162515 0.272316 0.00101882
