1 0.522066 0.521947 0.360109 0.30441 0.74535
1 0.145186 0.514578 0.290371 0.337986 0.0453275
4 0.523231 0.522072 0.361988 0.303593 0.00403804
22 0.523231 0.522072 0.361988 0.303593 0.00352106
17 0.523231 0.522072 0.361988 0.303593 0.0031954
8 0.523231 0.522072 0.361988 0.303593 0.00311587
0 0.523231 0.522072 0.361988 0.303593 0.0027348
2 0.523231 0.522072 0.361988 0.303593 0.00272761
3 0.523231 0.522072 0.361988 0.303593 0.00268461
7 0.524885 0.520742 0.37119 0.310475 0.00258461
5 0.523231 0.522072 0.361988 0.303593 0.00244938
18 0.523231 0.522072 0.361988 0.303593 0.00238087
15 0.523231 0.522072 0.361988 0.303593 0.00222071
14 0.523231 0.522072 0.361988 0.303593 0.00200218
21 0.523231 0.522072 0.361988 0.303593 0.00178782
6 0.523231 0.522072 0.361988 0.303593 0.00177142
10 0.523231 0.522072 0.361988 0.303593 0.0017707
16 0.523231 0.522072 0.361988 0.303593 0.00167746
11 0.523231 0.522072 0.361988 0.303593 0.00165817
20 0.523231 0.522072 0.361988 0.303593 0.00165012
12 0.523231 0.522072 0.361988 0.303593 0.00164366
9 0.523231 0.522072 0.361988 0.303593 0.00144179
13 0.523231 0.522072 0.361988 0.303593 0.00136315
19 0.524885 0.520742 0.37119 0.310475 0.00130781
