14 0.485426 0.725984 0.172223 0.184822 0.926254
14 0.666677 0.744354 0.18576 0.182144 0.322224
11 0.547188 0.523199 0.191615 0.238914 0.121805
11 0.406116 0.506912 0.0833009 0.208744 0.0810406
15 0.552622 0.521041 0.19949 0.240982 0.0345399
1 0.484598 0.725374 0.179729 0.183734 0.0118368
5 0.545594 0.519718 0.187622 0.235863 0.0102744
15 0.484402 0.725511 0.179961 0.184361 0.00984326
5 0.484402 0.725511 0.179961 0.184361 0.00917379
8 0.484598 0.725374 0.179729 0.183734 0.00857868
11 0.484402 0.725511 0.179961 0.184361 0.007675
10 0.484402 0.725511 0.179961 0.184361 0.00761161
21 0.484402 0.725511 0.179961 0.184361 0.00713893
0 0.484402 0.725511 0.179961 0.184361 0.00686505
17 0.484757 0.726936 0.180124 0.182811 0.00657568
4 0.484402 0.725511 0.179961 0.184361 0.00618708
22 0.484402 0.725511 0.179961 0.184361 0.00563743
7 0.484402 0.725511 0.179961 0.184361 0.00552519
11 0.476364 0.512917 0.0678685 0.221123 0.00531897
1 0.669508 0.744564 0.197943 0.178366 0.00482592
11 0.666881 0.743815 0.191056 0.179571 0.00446189
13 0.484598 0.725374 0.179729 0.183734 0.00443514
8 0.669508 0.744564 0.197943 0.178366 0.00441537
20 0.484402 0.725511 0.179961 0.184361 0.0043153
5 0.405685 0.50808 0.0882137 0.21792 0.00408919
2 0.484402 0.725511 0.179961 0.184361 0.00405902
3 0.484402 0.725511 0.179961 0.184361 0.00395684
18 0.484598 0.725374 0.179729 0.183734 0.00391302
12 0.484402 0.725511 0.179961 0.184361 0.00380201
14 0.549139 0.51925 0.201842 0.24639 0.00366281
0 0.669508 0.744564 0.197943 0.178366 0.00354864
10 0.666881 0.743815 0.191056 0.179571 0.00354241
6 0.484402 0.725511 0.179961 0.184361 0.00347332
16 0.484402 0.725511 0.179961 0.184361 0.00337391
5 0.669508 0.744564 0.197943 0.178366 0.00325699
15 0.666881 0.743815 0.191056 0.179571 0.00314729
9 0.484598 0.725374 0.179729 0.183734 0.0030133
21 0.666881 0.743815 0.191056 0.179571 0.00295773
19 0.484598 0.725374 0.179729 0.183734 0.00286631
13 0.550513 0.520866 0.1991 0.248238 0.0027575
22 0.669508 0.744564 0.197943 0.178366 0.00271595
4 0.669508 0.744564 0.197943 0.178366 0.00271485
7 0.666881 0.743815 0.191056 0.179571 0.00257777
17 0.666881 0.743815 0.191056 0.179571 0.00237262
6 0.550513 0.520866 0.1991 0.248238 0.00232386
17 0.548678 0.522 0.196698 0.240194 0.00224508
3 0.550513 0.520866 0.1991 0.248238 0.00219867
7 0.552815 0.521491 0.198272 0.24035 0.00219432
20 0.549139 0.51925 0.201842 0.24639 0.0021686
11 0.448358 0.5139 0.116514 0.221201 0.00214129
13 0.666881 0.743815 0.191056 0.179571 0.00211921
10 0.549139 0.51925 0.201842 0.24639 0.00196592
20 0.666881 0.743815 0.191056 0.179571 0.00187717
1 0.549139 0.51925 0.201842 0.24639 0.00181897
4 0.549139 0.51925 0.201842 0.24639 0.00173801
12 0.666881 0.743815 0.191056 0.179571 0.0016747
0 0.548915 0.521269 0.194878 0.241279 0.00166775
19 0.549139 0.51925 0.201842 0.24639 0.00155998
2 0.669508 0.744564 0.197943 0.178366 0.00154861
16 0.666881 0.743815 0.191056 0.179571 0.00144786
18 0.548915 0.521269 0.194878 0.241279 0.00144709
8 0.549139 0.51925 0.201842 0.24639 0.00137227
6 0.666881 0.743815 0.191056 0.179571 0.00133025
21 0.549139 0.51925 0.201842 0.24639 0.00132445
9 0.669508 0.744564 0.197943 0.178366 0.00128915
3 0.669508 0.744564 0.197943 0.178366 0.00127643
16 0.549139 0.51925 0.201842 0.24639 0.00126169
18 0.669508 0.744564 0.197943 0.178366 0.0011989
12 0.549139 0.51925 0.201842 0.24639 0.00116227
2 0.549139 0.51925 0.201842 0.24639 0.00114584
19 0.666881 0.743815 0.191056 0.179571 0.00109981
22 0.550513 0.520866 0.1991 0.248238 0.00104959
9 0.549139 0.51925 0.201842 0.24639 0.00103529
