19 0.441367 0.648911 0.258254 0.259468 0.777448
19 0.700965 0.625826 0.192222 0.265032 0.690487
5 0.439316 0.648669 0.258366 0.256394 0.616663
5 0.699346 0.624125 0.196361 0.268794 0.591344
5 0.176636 0.625214 0.253234 0.271781 0.168182
6 0.175995 0.626996 0.253242 0.26236 0.019589
4 0.699608 0.6261 0.194479 0.26646 0.0134498
18 0.440339 0.649413 0.261756 0.26137 0.011919
3 0.175711 0.625048 0.256451 0.273031 0.0119163
6 0.437476 0.648851 0.260722 0.256394 0.0114612
8 0.699464 0.625201 0.190502 0.261395 0.010584
1 0.176724 0.625929 0.260952 0.27086 0.0103691
18 0.699608 0.6261 0.194479 0.26646 0.00972396
7 0.437476 0.648851 0.260722 0.256394 0.00963188
4 0.440339 0.649413 0.261756 0.26137 0.00916989
13 0.44082 0.646192 0.254213 0.260782 0.00904154
3 0.440339 0.649413 0.261756 0.26137 0.00898437
15 0.440339 0.649413 0.261756 0.26137 0.00891478
15 0.699464 0.625201 0.190502 0.261395 0.00757171
7 0.699464 0.625201 0.190502 0.261395 0.00721353
6 0.699608 0.6261 0.194479 0.26646 0.00706421
3 0.699464 0.625201 0.190502 0.261395 0.00688318
2 0.175711 0.625048 0.256451 0.273031 0.00642601
13 0.175711 0.625048 0.256451 0.273031 0.00616231
13 0.699464 0.625201 0.190502 0.261395 0.00603465
20 0.440339 0.649413 0.261756 0.26137 0.00601554
8 0.440339 0.649413 0.261756 0.26137 0.0060059
16 0.441367 0.648911 0.258254 0.259468 0.00575739
20 0.699608 0.6261 0.194479 0.26646 0.00575369
19 0.176724 0.625929 0.260952 0.27086 0.00495625
4 0.176636 0.625214 0.253234 0.271781 0.00483823
11 0.699608 0.6261 0.194479 0.26646 0.00474119
16 0.700965 0.625826 0.192222 0.265032 0.00460457
10 0.176724 0.625929 0.260952 0.27086 0.00444051
2 0.440339 0.649413 0.261756 0.26137 0.00443675
2 0.699464 0.625201 0.190502 0.261395 0.00430178
22 0.699464 0.625201 0.190502 0.261395 0.00428817
21 0.440339 0.649413 0.261756 0.26137 0.00410812
17 0.700535 0.624854 0.192093 0.264416 0.0038858
21 0.699464 0.625201 0.190502 0.261395 0.00388488
11 0.440339 0.649413 0.261756 0.26137 0.00371315
22 0.4386 0.649741 0.259555 0.252647 0.00349235
17 0.439316 0.648669 0.258366 0.256394 0.00347998
22 0.175711 0.625048 0.256451 0.273031 0.00344345
9 0.699608 0.6261 0.194479 0.26646 0.00335202
21 0.175711 0.625048 0.256451 0.273031 0.00327476
9 0.440339 0.649413 0.261756 0.26137 0.00304689
18 0.175711 0.625048 0.256451 0.273031 0.00302895
1 0.437476 0.648851 0.260722 0.256394 0.00300582
10 0.437476 0.648851 0.260722 0.256394 0.00299151
1 0.699464 0.625201 0.190502 0.261395 0.002666
14 0.437476 0.648851 0.260722 0.256394 0.00265543
0 0.699608 0.6261 0.194479 0.26646 0.00261226
12 0.440818 0.651329 0.257556 0.259443 0.00260837
12 0.700535 0.624854 0.192093 0.264416 0.00252485
0 0.437476 0.648851 0.260722 0.256394 0.00246123
15 0.175711 0.625048 0.256451 0.273031 0.00233617
14 0.699464 0.625201 0.190502 0.261395 0.00225688
11 0.176724 0.625929 0.260952 0.27086 0.00225075
20 0.176724 0.625929 0.260952 0.27086 0.00220678
10 0.699464 0.625201 0.190502 0.261395 0.00219894
16 0.176316 0.624503 0.251225 0.265358 0.00181759
12 0.176724 0.625929 0.260952 0.27086 0.00149192
9 0.176724 0.625929 0.260952 0.27086 0.00147152
14 0.176636 0.625214 0.253234 0.271781 0.00144507
7 0.175711 0.625048 0.256451 0.273031 0.00136448
0 0.176636 0.625214 0.253234 0.271781 0.00107411
