14 0.498438 0.476991 0.255691 0.22213 0.690765
14 0.310996 0.477808 0.180976 0.252974 0.55843
14 0.603888 0.478278 0.446909 0.243512 0.0636148
10 0.310996 0.477808 0.180976 0.252974 0.00678046
0 0.311392 0.478252 0.181184 0.255825 0.00654217
5 0.4995 0.476193 0.264952 0.219684 0.00647115
11 0.310996 0.477808 0.180976 0.252974 0.0064371
8 0.311392 0.478252 0.181184 0.255825 0.0062366
15 0.311392 0.478252 0.181184 0.255825 0.0061022
4 0.311392 0.478252 0.181184 0.255825 0.0057375
1 0.4995 0.476193 0.264952 0.219684 0.00569603
1 0.310996 0.477808 0.180976 0.252974 0.00568835
8 0.500563 0.477744 0.262711 0.225852 0.00565988
21 0.310996 0.477808 0.180976 0.252974 0.00540468
10 0.500563 0.477744 0.262711 0.225852 0.00511457
0 0.500563 0.477744 0.262711 0.225852 0.00491858
4 0.4995 0.476193 0.264952 0.219684 0.0048641
15 0.4995 0.476193 0.264952 0.219684 0.0046028
11 0.500563 0.477744 0.262711 0.225852 0.00451088
21 0.500563 0.477744 0.262711 0.225852 0.00448493
17 0.500563 0.477744 0.262711 0.225852 0.00423263
14 0.502012 0.507144 0.337215 0.297799 0.00417551
22 0.310996 0.477808 0.180976 0.252974 0.00380941
7 0.4995 0.476193 0.264952 0.219684 0.00380228
22 0.4995 0.476193 0.264952 0.219684 0.0037822
5 0.310996 0.477808 0.180976 0.252974 0.00334645
20 0.311392 0.478252 0.181184 0.255825 0.00326522
13 0.311392 0.478252 0.181184 0.255825 0.00322465
13 0.500563 0.477744 0.262711 0.225852 0.00317455
7 0.310996 0.477808 0.180976 0.252974 0.00306453
20 0.500563 0.477744 0.262711 0.225852 0.00302784
2 0.310996 0.477808 0.180976 0.252974 0.00276904
12 0.310996 0.477808 0.180976 0.252974 0.00272157
2 0.500563 0.477744 0.262711 0.225852 0.00257581
17 0.310996 0.477808 0.180976 0.252974 0.00253975
1 0.910928 0.0488666 0.0559738 0.0716924 0.00246293
16 0.311392 0.478252 0.181184 0.255825 0.00244751
12 0.500563 0.477744 0.262711 0.225852 0.00239869
3 0.310996 0.477808 0.180976 0.252974 0.00234248
18 0.311392 0.478252 0.181184 0.255825 0.0023136
16 0.500563 0.477744 0.262711 0.225852 0.00231349
6 0.310996 0.477808 0.180976 0.252974 0.00226835
18 0.500563 0.477744 0.262711 0.225852 0.00225083
3 0.500563 0.477744 0.262711 0.225852 0.00222211
14 0.685818 0.475206 0.263239 0.226872 0.002154
17 0.604449 0.480845 0.454517 0.250443 0.00211363
9 0.311392 0.478252 0.181184 0.255825 0.00211351
6 0.4995 0.476193 0.264952 0.219684 0.00193921
9 0.500563 0.477744 0.262711 0.225852 0.00184088
19 0.500563 0.477744 0.262711 0.225852 0.00182957
14 0.415778 0.474035 0.380352 0.246228 0.00174725
19 0.311392 0.478252 0.181184 0.255825 0.00162978
1 0.840424 0.0447744 0.066679 0.0777211 0.00114643
