1 0.480466 0.505172 0.24792 0.198361 0.822408
5 0.3916 0.190104 0.566347 0.380208 0.663576
19 0.814178 0.243306 0.338367 0.451219 0.623326
19 0.924766 0.264176 0.142195 0.502374 0.219345
0 0.481229 0.5047 0.240966 0.204332 0.0965969
5 0.811789 0.242168 0.338762 0.460597 0.0259222
22 0.481654 0.505032 0.241769 0.201272 0.0153362
7 0.787323 0.237257 0.297734 0.453068 0.0134093
5 0.924766 0.264176 0.142195 0.502374 0.012853
18 0.483064 0.504626 0.244344 0.197287 0.0125317
7 0.3916 0.190104 0.566347 0.380208 0.00929882
1 0.3916 0.190104 0.566347 0.380208 0.00895682
20 0.811789 0.242168 0.338762 0.460597 0.00750859
4 0.811789 0.242168 0.338762 0.460597 0.00722925
3 0.811789 0.242168 0.338762 0.460597 0.00656037
6 0.811789 0.242168 0.338762 0.460597 0.00623959
3 0.479512 0.505708 0.246951 0.198519 0.00540111
15 0.811789 0.242168 0.338762 0.460597 0.00533299
18 0.811789 0.242168 0.338762 0.460597 0.005306
11 0.811789 0.242168 0.338762 0.460597 0.00507576
17 0.480466 0.505172 0.24792 0.198361 0.00498665
16 0.814178 0.243306 0.338367 0.451219 0.00485055
13 0.811789 0.242168 0.338762 0.460597 0.00483327
8 0.811789 0.242168 0.338762 0.460597 0.00447308
2 0.479512 0.505708 0.246951 0.198519 0.00439133
17 0.821789 0.250047 0.348941 0.46829 0.00393312
4 0.479512 0.505708 0.246951 0.198519 0.00366238
8 0.932059 0.264461 0.129428 0.499999 0.00355618
5 0.479512 0.505708 0.246951 0.198519 0.00346298
8 0.479512 0.505708 0.246951 0.198519 0.00344318
11 0.480466 0.505172 0.24792 0.198361 0.00308067
20 0.480466 0.505172 0.24792 0.198361 0.00293876
17 0.381314 0.192851 0.601537 0.385702 0.00280524
14 0.479512 0.505708 0.246951 0.198519 0.00280352
21 0.479512 0.505708 0.246951 0.198519 0.00272497
6 0.480466 0.505172 0.24792 0.198361 0.00268908
16 0.479512 0.505708 0.246951 0.198519 0.00268122
22 0.393585 0.191738 0.569966 0.383475 0.00263078
2 0.811789 0.242168 0.338762 0.460597 0.00261797
19 0.892879 0.230421 0.203506 0.460842 0.00259601
12 0.479512 0.505708 0.246951 0.198519 0.00256838
14 0.3916 0.190104 0.566347 0.380208 0.00255434
9 0.479512 0.505708 0.246951 0.198519 0.00252789
15 0.480466 0.505172 0.24792 0.198361 0.00247652
19 0.3916 0.190104 0.566347 0.380208 0.00243965
13 0.480466 0.505172 0.24792 0.198361 0.00243634
10 0.479512 0.505708 0.246951 0.198519 0.00240398
21 0.811789 0.242168 0.338762 0.460597 0.00239629
19 0.479512 0.505708 0.246951 0.198519 0.00232488
19 0.94434 0.26379 0.111321 0.407972 0.00224791
4 0.924766 0.264176 0.142195 0.502374 0.00223834
7 0.480466 0.505172 0.24792 0.198361 0.00221887
16 0.928541 0.264056 0.139559 0.500013 0.00215409
22 0.811789 0.242168 0.338762 0.460597 0.0021361
6 0.3916 0.190104 0.566347 0.380208 0.00208966
7 0.861207 0.257026 0.277585 0.49302 0.00201578
4 0.393585 0.191738 0.569966 0.383475 0.00194983
3 0.393585 0.191738 0.569966 0.383475 0.00191845
20 0.928541 0.264056 0.139559 0.500013 0.00186035
8 0.393585 0.191738 0.569966 0.383475 0.00174354
13 0.393585 0.191738 0.569966 0.383475 0.00173777
9 0.811789 0.242168 0.338762 0.460597 0.00172915
3 0.924766 0.264176 0.142195 0.502374 0.00172066
7 0.924766 0.264176 0.142195 0.502374 0.00171763
12 0.814178 0.243306 0.338367 0.451219 0.00165739
10 0.3916 0.190104 0.566347 0.380208 0.0016308
11 0.3916 0.190104 0.566347 0.380208 0.00155608
18 0.928541 0.264056 0.139559 0.500013 0.00155437
15 0.924766 0.264176 0.142195 0.502374 0.00153676
2 0.393585 0.191738 0.569966 0.383475 0.00151049
15 0.3916 0.190104 0.566347 0.380208 0.00145174
18 0.3916 0.190104 0.566347 0.380208 0.00144306
11 0.907309 0.265443 0.185382 0.530887 0.00135198
12 0.3916 0.190104 0.566347 0.380208 0.00124168
16 0.3916 0.190104 0.566347 0.380208 0.0012339
6 0.932059 0.264461 0.129428 0.499999 0.00117525
20 0.3916 0.190104 0.566347 0.380208 0.00114174
9 0.3916 0.190104 0.566347 0.380208 0.00113964
21 0.3916 0.190104 0.566347 0.380208 0.00109207
22 0.932059 0.264461 0.129428 0.499999 0.00100489
