4 0.465179 0.534177 0.242823 0.421213 0.844241
4 0.175654 0.55224 0.228944 0.320645 0.447226
5 0.464721 0.534644 0.247644 0.404025 0.0138026
1 0.465853 0.534825 0.244057 0.404318 0.0109211
5 0.175654 0.55224 0.228944 0.320645 0.00901713
19 0.464721 0.534644 0.247644 0.404025 0.00878483
17 0.464721 0.534644 0.247644 0.404025 0.00717498
1 0.175654 0.55224 0.228944 0.320645 0.00653279
8 0.175654 0.55224 0.228944 0.320645 0.00507091
8 0.464721 0.534644 0.247644 0.404025 0.00494566
17 0.175654 0.55224 0.228944 0.320645 0.00433731
22 0.465853 0.534825 0.244057 0.404318 0.0042032
20 0.464721 0.534644 0.247644 0.404025 0.0041521
15 0.464721 0.534644 0.247644 0.404025 0.00405413
18 0.465853 0.534825 0.244057 0.404318 0.00400058
2 0.465853 0.534825 0.244057 0.404318 0.00395347
22 0.175654 0.55224 0.228944 0.320645 0.00363384
19 0.175654 0.55224 0.228944 0.320645 0.00345752
10 0.175654 0.55224 0.228944 0.320645 0.0034084
10 0.464721 0.534644 0.247644 0.404025 0.00334615
16 0.464721 0.534644 0.247644 0.404025 0.00318183
0 0.175654 0.55224 0.228944 0.320645 0.00315541
7 0.466062 0.529257 0.241924 0.405053 0.00286592
11 0.464721 0.534644 0.247644 0.404025 0.00285897
14 0.469084 0.536034 0.243245 0.406732 0.00279581
13 0.466062 0.529257 0.241924 0.405053 0.00271547
3 0.465853 0.534825 0.244057 0.404318 0.00258066
0 0.469084 0.536034 0.243245 0.406732 0.00252245
2 0.175654 0.55224 0.228944 0.320645 0.00247233
6 0.464721 0.534644 0.247644 0.404025 0.00223615
12 0.464721 0.534644 0.247644 0.404025 0.00221948
4 0.202902 0.603663 0.291876 0.353091 0.00220761
14 0.175654 0.55224 0.228944 0.320645 0.0021814
20 0.175654 0.55224 0.228944 0.320645 0.00213553
21 0.464721 0.534644 0.247644 0.404025 0.00213237
16 0.175654 0.55224 0.228944 0.320645 0.00203434
9 0.464721 0.534644 0.247644 0.404025 0.00189173
15 0.175654 0.55224 0.228944 0.320645 0.00179153
11 0.175654 0.55224 0.228944 0.320645 0.00174109
18 0.175654 0.55224 0.228944 0.320645 0.00168281
12 0.175654 0.55224 0.228944 0.320645 0.00151731
6 0.175654 0.55224 0.228944 0.320645 0.00143175
9 0.175654 0.55224 0.228944 0.320645 0.00135058
13 0.175654 0.55224 0.228944 0.320645 0.00122927
21 0.175654 0.55224 0.228944 0.320645 0.00121625
3 0.175654 0.55224 0.228944 0.320645 0.00105215
