14 0.475793 0.496956 0.297578 0.221612 0.766567
17 0.477948 0.495958 0.306375 0.217723 0.00775099
1 0.477948 0.495958 0.306375 0.217723 0.0073174
14 0.445697 0.491584 0.164831 0.206576 0.00730473
5 0.477948 0.495958 0.306375 0.217723 0.00727623
8 0.477948 0.495958 0.306375 0.217723 0.00686052
10 0.477948 0.495958 0.306375 0.217723 0.00665893
0 0.477948 0.495958 0.306375 0.217723 0.00558316
15 0.477948 0.495958 0.306375 0.217723 0.00517327
11 0.477525 0.494376 0.301254 0.218035 0.00515282
7 0.477525 0.494376 0.301254 0.218035 0.00502494
22 0.477948 0.495958 0.306375 0.217723 0.00436842
4 0.477948 0.495958 0.306375 0.217723 0.00435281
21 0.477525 0.494376 0.301254 0.218035 0.00435119
13 0.477948 0.495958 0.306375 0.217723 0.00344832
20 0.477948 0.495958 0.306375 0.217723 0.00307146
2 0.477948 0.495958 0.306375 0.217723 0.00285356
12 0.477525 0.494376 0.301254 0.218035 0.00252912
3 0.477948 0.495958 0.306375 0.217723 0.00250822
16 0.477948 0.495958 0.306375 0.217723 0.00245429
6 0.477948 0.495958 0.306375 0.217723 0.00237416
18 0.477525 0.494376 0.301254 0.218035 0.00226728
9 0.477948 0.495958 0.306375 0.217723 0.0021406
19 0.477525 0.494376 0.301254 0.218035 0.0018834
5 0.803622 0.194176 0.140493 0.347867 0.00166984
